,anomaly_type,type,is_clustered,ready,pre_script_start,pre_script_end,submit,stage_in_start,stage_in_end,stage_in_effective_bytes_per_sec,execute_start,execute_end,stage_out_start,stage_out_end,stage_out_effective_bytes_per_sec,post_script_start,post_script_end,wms_delay,pre_script_delay,queue_delay,runtime,post_script_delay,stage_in_delay,stage_in_bytes,stage_out_delay,stage_out_bytes,kickstart_user,kickstart_site,kickstart_hostname,kickstart_transformations,kickstart_executables,kickstart_executables_argv,kickstart_executables_cpu_time,kickstart_status,kickstart_executables_exitcode,kickstart_online_iowait,kickstart_online_bytes_read,kickstart_online_bytes_written,kickstart_online_read_system_calls,kickstart_online_write_system_calls,kickstart_online_utime,kickstart_online_stime,kickstart_online_bytes_read_per_second,kickstart_online_bytes_written_per_second
create_dir_casa-nowcast-small_0_condorpool,None,auxiliary,0,1708021046.0,,,1708021047.0,,,0.0,1708021051.0,1708021057.0,,,0.0,1708021057.0,1708021062.0,1.0,,4.0,6.0,5.0,,,,,poseidon,local,poseidon-submit,pegasus::dirmanager,/mnt/poseidon-data/poseidon/pegasus-5.1.0panorama/bin/pegasus-transfer,pegasus-kickstart  -n pegasus::dirmanager -N null -i - -R local  -L casa-nowcast-small -T 2024-01-31T00:08:22+00:00 pegasus-transfer,0.2,0,0,,,,,,,,,
NowcastToWDSS2_ID0000253,None,compute,0,1708021062.0,,,1708021067.0,1708021084.0,1708021095.0,29081243.0,1708021082.0,1708021112.0,1708021100.0,1708021104.0,1286530.0,1708021112.0,1708021117.0,5.0,,15.0,30.0,5.0,11.0,170460244.0,4.0,5023736.0,poseidon,condorpool,poseidon-worker-2-container-8-11,NowcastToWDSS2,/opt/NowcastToWDSS2/NowcastToWDSS2,,0.1,0,0,,,,,,,,,
NowcastToWDSS2_ID0000064,None,compute,0,1708021062.0,,,1708021067.0,1708021084.0,1708021095.0,30068980.5,1708021082.0,1708021112.0,1708021100.0,1708021104.0,1284777.0,1708021112.0,1708021117.0,5.0,,15.0,30.0,5.0,11.0,170460244.0,4.0,5023736.0,poseidon,condorpool,poseidon-worker-2-container-40-43,NowcastToWDSS2,/opt/NowcastToWDSS2/NowcastToWDSS2,,0.1,0,0,,,,,,,,,
NowcastToWDSS2_ID0000001,None,compute,0,1708021062.0,,,1708021067.0,1708021084.0,1708021095.0,29187881.6,1708021082.0,1708021112.0,1708021100.0,1708021104.0,1282604.0,1708021112.0,1708021117.0,5.0,,15.0,30.0,5.0,11.0,170460244.0,4.0,5023736.0,poseidon,condorpool,poseidon-worker-2-container-0-3,NowcastToWDSS2,/opt/NowcastToWDSS2/NowcastToWDSS2,,0.1,0,0,,,,,,,,,
NowcastToWDSS2_ID0000316,None,compute,0,1708021062.0,,,1708021067.0,1708021084.0,1708021094.0,29461122.0,1708021082.0,1708021112.0,1708021100.0,1708021104.0,1260503.0,1708021112.0,1708021117.0,5.0,,15.0,30.0,5.0,10.0,170460244.0,4.0,5023736.0,poseidon,condorpool,poseidon-worker-1-container-44-47,NowcastToWDSS2,/opt/NowcastToWDSS2/NowcastToWDSS2,,0.0,0,0,,,,,,,,,
NowcastToWDSS2_ID0000190,None,compute,0,1708021062.0,,,1708021067.0,1708021085.0,1708021095.0,30456263.5,1708021083.0,1708021112.0,1708021101.0,1708021104.0,1284931.0,1708021112.0,1708021117.0,5.0,,16.0,29.0,5.0,10.0,170460244.0,3.0,5023736.0,poseidon,condorpool,poseidon-worker-1-container-40-43,NowcastToWDSS2,/opt/NowcastToWDSS2/NowcastToWDSS2,,0.0,0,0,,,,,,,,,
NowcastToWDSS2_ID0000127,None,compute,0,1708021062.0,,,1708021067.0,1708021085.0,1708021096.0,32325675.2,1708021083.0,1708021112.0,1708021101.0,1708021105.0,1291414.0,1708021112.0,1708021117.0,5.0,,16.0,29.0,5.0,11.0,170460244.0,4.0,5023736.0,poseidon,condorpool,poseidon-worker-1-container-24-27,NowcastToWDSS2,/opt/NowcastToWDSS2/NowcastToWDSS2,,0.0,0,0,,,,,,,,,
mrtV2_ID0000206,None,compute,0,1708021117.0,,,1708021122.0,1708021289.0,1708021488.0,829242.0,1708021128.0,1708021730.0,1708021642.0,1708021646.0,3176.0,1708021730.0,1708021735.0,5.0,,6.0,602.0,5.0,199.0,160605089.0,4.0,10254.0,poseidon,condorpool,poseidon-worker-2-container-8-11,mrtV2,/opt/mrtV2/mrtV2,,0.1,0,0,,,,,,,,,
merged_netcdf2png_ID0000243,None,compute,0,1708021117.0,,,1708021122.0,1708021156.0,1708021480.0,541552.6,1708021123.0,1708021645.0,1708021485.0,1708021488.0,7046.0,1708021645.0,1708021650.0,5.0,,1.0,522.0,5.0,324.0,160656166.0,3.0,21751.0,poseidon,condorpool,poseidon-worker-2-container-8-11,merged_netcdf2png,/opt/netcdf2png/merged_netcdf2png,,0.1,0,0,,,,,,,,,
mrtV2_ID0000205,None,compute,0,1708021117.0,,,1708021122.0,1708021128.0,1708021290.0,1400960.5,1708021123.0,1708021489.0,1708021465.0,1708021483.0,582.0,1708021489.0,1708021494.0,5.0,,1.0,366.0,5.0,162.0,160605089.0,18.0,10237.0,poseidon,condorpool,poseidon-worker-2-container-0-3,mrtV2,/opt/mrtV2/mrtV2,,0.1,0,0,,,,,,,,,
merged_netcdf2png_ID0000244,None,compute,0,1708021117.0,,,1708021122.0,1708021156.0,1708021480.0,541768.2,1708021123.0,1708021730.0,1708021641.0,1708021645.0,5942.0,1708021730.0,1708021735.0,5.0,,1.0,607.0,5.0,324.0,160656166.0,4.0,21589.0,poseidon,condorpool,poseidon-worker-2-container-40-43,merged_netcdf2png,/opt/netcdf2png/merged_netcdf2png,,0.1,0,0,,,,,,,,,
mrtV2_ID0000208,None,compute,0,1708021117.0,,,1708021122.0,1708021125.0,1708021265.0,1290215.0,1708021123.0,1708021589.0,1708021361.0,1708021583.0,45.0,1708021589.0,1708021594.0,5.0,,1.0,466.0,5.0,140.0,160605089.0,222.0,10131.0,poseidon,condorpool,poseidon-worker-1-container-44-47,mrtV2,/opt/mrtV2/mrtV2,,0.1,0,0,,,,,,,,,
merged_netcdf2png_ID0000245,None,compute,0,1708021117.0,,,1708021122.0,1708021265.0,1708021585.0,1607586.1,1708021211.0,1708021760.0,1708021664.0,1708021718.0,406.0,1708021760.0,1708021765.0,5.0,,89.0,549.0,5.0,320.0,160656166.0,54.0,21637.0,poseidon,condorpool,poseidon-worker-1-container-40-43,merged_netcdf2png,/opt/netcdf2png/merged_netcdf2png,,0.2,0,0,,,,,,,,,
mrtV2_ID0000207,None,compute,0,1708021117.0,,,1708021122.0,1708021265.0,1708021585.0,1608235.3,1708021244.0,1708021760.0,1708021664.0,1708021718.0,186.0,1708021760.0,1708021765.0,5.0,,122.0,516.0,5.0,320.0,160605089.0,54.0,9936.0,poseidon,condorpool,poseidon-worker-1-container-24-27,mrtV2,/opt/mrtV2/mrtV2,,0.1,0,0,,,,,,,,,
merged_netcdf2png_ID0000350,None,compute,0,1708021117.0,,,1708021139.0,1708023037.0,1708023280.0,678864.8,1708023036.0,1708023304.0,1708023292.0,1708023296.0,6226.0,1708023304.0,1708023309.0,22.0,,1897.0,268.0,5.0,243.0,160656166.0,4.0,22469.0,poseidon,condorpool,poseidon-worker-2-container-32-35,merged_netcdf2png,/opt/netcdf2png/merged_netcdf2png,,0.1,0,0,,,,,,,,,
merged_netcdf2png_ID0000351,None,compute,0,1708021117.0,,,1708021139.0,1708023036.0,1708023274.0,1212931.7,1708023035.0,1708023304.0,1708023292.0,1708023295.0,7340.0,1708023304.0,1708023309.0,22.0,,1896.0,269.0,5.0,238.0,160656166.0,3.0,22257.0,poseidon,condorpool,poseidon-worker-2-container-12-15,merged_netcdf2png,/opt/netcdf2png/merged_netcdf2png,,0.1,0,0,,,,,,,,,
merged_netcdf2png_ID0000358,None,compute,0,1708021117.0,,,1708021139.0,1708023081.0,1708023163.0,2892097.5,1708023003.0,1708023178.0,1708023168.0,1708023171.0,7244.0,1708023178.0,1708023183.0,22.0,,1864.0,175.0,5.0,82.0,160656166.0,3.0,22198.0,poseidon,condorpool,poseidon-worker-1-container-36-39,merged_netcdf2png,/opt/netcdf2png/merged_netcdf2png,,0.1,0,0,,,,,,,,,
merged_netcdf2png_ID0000357,None,compute,0,1708021117.0,,,1708021139.0,1708023082.0,1708023163.0,2905770.0,1708023054.0,1708023178.0,1708023169.0,1708023172.0,7145.0,1708023178.0,1708023183.0,22.0,,1915.0,124.0,5.0,81.0,160656166.0,3.0,22330.0,poseidon,condorpool,poseidon-worker-1-container-16-19,merged_netcdf2png,/opt/netcdf2png/merged_netcdf2png,,0.1,0,0,,,,,,,,,
mrtV2_ID0000319,None,compute,0,1708021117.0,,,1708021139.0,1708023079.0,1708023137.0,27184187.5,1708023003.0,1708023173.0,1708023161.0,1708023164.0,3089.0,1708023173.0,1708023178.0,22.0,,1864.0,170.0,5.0,58.0,160605089.0,3.0,9880.0,poseidon,condorpool,poseidon-worker-1-container-40-43,mrtV2,/opt/mrtV2/mrtV2,,0.1,0,0,,,,,,,,,
merged_netcdf2png_ID0000242,None,compute,0,1708021117.0,,,1708021122.0,1708021289.0,1708021488.0,829478.8,1708021128.0,1708021730.0,1708021642.0,1708021646.0,6974.0,1708021730.0,1708021735.0,5.0,,6.0,602.0,5.0,199.0,160656166.0,4.0,21866.0,poseidon,condorpool,poseidon-worker-2-container-40-43,merged_netcdf2png,/opt/netcdf2png/merged_netcdf2png,,0.1,0,0,,,,,,,,,
merged_netcdf2png_ID0000359,None,compute,0,1708021117.0,,,1708021139.0,1708023079.0,1708023137.0,11069922.7,1708023003.0,1708023173.0,1708023161.0,1708023164.0,6991.0,1708023173.0,1708023178.0,22.0,,1864.0,170.0,5.0,58.0,160656166.0,3.0,22042.0,poseidon,condorpool,poseidon-worker-1-container-24-27,merged_netcdf2png,/opt/netcdf2png/merged_netcdf2png,,0.1,0,0,,,,,,,,,
merged_netcdf2png_ID0000352,None,compute,0,1708021117.0,,,1708021139.0,1708023081.0,1708023163.0,2865942.6,1708023003.0,1708023178.0,1708023169.0,1708023172.0,7214.0,1708023178.0,1708023183.0,22.0,,1864.0,175.0,5.0,82.0,160656166.0,3.0,22152.0,poseidon,condorpool,poseidon-worker-1-container-40-43,merged_netcdf2png,/opt/netcdf2png/merged_netcdf2png,,0.1,0,0,,,,,,,,,
merged_netcdf2png_ID0000353,None,compute,0,1708021117.0,,,1708021139.0,1708023079.0,1708023138.0,11079442.9,1708023003.0,1708023173.0,1708023161.0,1708023164.0,6957.0,1708023173.0,1708023178.0,22.0,,1864.0,170.0,5.0,59.0,160656166.0,3.0,22120.0,poseidon,condorpool,poseidon-worker-1-container-24-27,merged_netcdf2png,/opt/netcdf2png/merged_netcdf2png,,0.1,0,0,,,,,,,,,
mrtV2_ID0000318,hdd_5,compute,0,1708021117.0,,,1708021139.0,1708023065.0,1708023137.0,8596977.1,1708023003.0,1708023173.0,1708023161.0,1708023164.0,3520.0,1708023173.0,1708023178.0,22.0,,1864.0,170.0,5.0,72.0,160605089.0,3.0,11018.0,poseidon,condorpool,poseidon-worker-1-container-4-7,mrtV2,/opt/mrtV2/mrtV2,,0.1,0,0,,,,,,,,,
merged_netcdf2png_ID0000354,None,compute,0,1708021117.0,,,1708021139.0,1708023079.0,1708023137.0,26978019.5,1708023003.0,1708023173.0,1708023161.0,1708023164.0,6996.0,1708023173.0,1708023178.0,22.0,,1864.0,170.0,5.0,58.0,160656166.0,3.0,22340.0,poseidon,condorpool,poseidon-worker-1-container-36-39,merged_netcdf2png,/opt/netcdf2png/merged_netcdf2png,,0.1,0,0,,,,,,,,,
merged_netcdf2png_ID0000355,None,compute,0,1708021117.0,,,1708021139.0,1708023079.0,1708023137.0,31519499.2,1708023003.0,1708023173.0,1708023161.0,1708023164.0,6861.0,1708023173.0,1708023178.0,22.0,,1864.0,170.0,5.0,58.0,160656166.0,3.0,21992.0,poseidon,condorpool,poseidon-worker-1-container-36-39,merged_netcdf2png,/opt/netcdf2png/merged_netcdf2png,,0.1,0,0,,,,,,,,,
merged_netcdf2png_ID0000356,hdd_5,compute,0,1708021117.0,,,1708021139.0,1708023036.0,1708023274.0,1211605.2,1708023035.0,1708023304.0,1708023292.0,1708023296.0,5895.0,1708023304.0,1708023309.0,22.0,,1896.0,269.0,5.0,238.0,160656166.0,4.0,22203.0,poseidon,condorpool,poseidon-worker-2-container-28-31,merged_netcdf2png,/opt/netcdf2png/merged_netcdf2png,,0.1,0,0,,,,,,,,,
merged_netcdf2png_ID0000249,None,compute,0,1708021117.0,,,1708021122.0,1708021288.0,1708021488.0,828948.8,1708021124.0,1708021730.0,1708021642.0,1708021646.0,6744.0,1708021730.0,1708021735.0,5.0,,2.0,606.0,5.0,200.0,160656166.0,4.0,21875.0,poseidon,condorpool,poseidon-worker-2-container-0-3,merged_netcdf2png,/opt/netcdf2png/merged_netcdf2png,,0.1,0,0,,,,,,,,,
merged_netcdf2png_ID0000246,hdd_5,compute,0,1708021117.0,,,1708021122.0,1708021289.0,1708021483.0,5641417.7,1708021156.0,1708021730.0,1708021641.0,1708021645.0,5954.0,1708021730.0,1708021735.0,5.0,,34.0,574.0,5.0,194.0,160656166.0,4.0,21716.0,poseidon,condorpool,poseidon-worker-2-container-44-47,merged_netcdf2png,/opt/netcdf2png/merged_netcdf2png,,0.1,0,0,,,,,,,,,
merged_netcdf2png_ID0000247,None,compute,0,1708021117.0,,,1708021122.0,1708021265.0,1708021597.0,492266.2,1708021244.0,1708021760.0,1708021716.0,1708021750.0,647.0,1708021760.0,1708021765.0,5.0,,122.0,516.0,5.0,332.0,160656166.0,34.0,21980.0,poseidon,condorpool,poseidon-worker-1-container-40-43,merged_netcdf2png,/opt/netcdf2png/merged_netcdf2png,,0.1,0,0,,,,,,,,,
mrtV2_ID0000212,hdd_5,compute,0,1708021117.0,,,1708021122.0,1708021288.0,1708021465.0,982104.6,1708021124.0,1708021645.0,1708021480.0,1708021483.0,2822.0,1708021645.0,1708021650.0,5.0,,2.0,521.0,5.0,177.0,160605089.0,3.0,8545.0,poseidon,condorpool,poseidon-worker-2-container-28-31,mrtV2,/opt/mrtV2/mrtV2,,0.1,0,0,,,,,,,,,
mrtV2_ID0000215,hdd_5,compute,0,1708021117.0,,,1708021122.0,1708021265.0,1708021664.0,414754.4,1708021244.0,1708021760.0,1708021717.0,1708021750.0,294.0,1708021760.0,1708021765.0,5.0,,122.0,516.0,5.0,399.0,160605089.0,33.0,9942.0,poseidon,condorpool,poseidon-worker-1-container-4-7,mrtV2,/opt/mrtV2/mrtV2,,0.1,0,0,,,,,,,,,
merged_netcdf2png_ID0000251,None,compute,0,1708021117.0,,,1708021122.0,1708021127.0,1708021748.0,309076.4,1708021124.0,1708021860.0,1708021757.0,1708021794.0,585.0,1708021860.0,1708021865.0,5.0,,2.0,736.0,5.0,621.0,160757145.0,37.0,21680.0,poseidon,condorpool,poseidon-worker-1-container-12-15,merged_netcdf2png,/opt/netcdf2png/merged_netcdf2png,,0.1,0,0,,,,,,,,,
mrtV2_ID0000214,None,compute,0,1708021117.0,,,1708021122.0,1708021288.0,1708021641.0,462242.1,1708021124.0,1708021795.0,1708021722.0,1708021728.0,1651.0,1708021795.0,1708021800.0,5.0,,2.0,671.0,5.0,353.0,160605089.0,6.0,9940.0,poseidon,condorpool,poseidon-worker-2-container-4-7,mrtV2,/opt/mrtV2/mrtV2,,0.0,0,0,,,,,,,,,
merged_netcdf2png_ID0000252,None,compute,0,1708021117.0,,,1708021122.0,1708021289.0,1708021483.0,5640771.9,1708021128.0,1708021730.0,1708021641.0,1708021645.0,6137.0,1708021730.0,1708021735.0,5.0,,6.0,602.0,5.0,194.0,160656166.0,4.0,21952.0,poseidon,condorpool,poseidon-worker-2-container-12-15,merged_netcdf2png,/opt/netcdf2png/merged_netcdf2png,,0.1,0,0,,,,,,,,,
mrtV2_ID0000211,None,compute,0,1708021117.0,,,1708021122.0,1708021126.0,1708021664.0,608947.8,1708021124.0,1708021760.0,1708021717.0,1708021750.0,294.0,1708021760.0,1708021765.0,5.0,,2.0,636.0,5.0,538.0,319125115.0,33.0,9947.0,poseidon,condorpool,poseidon-worker-1-container-32-35,mrtV2,/opt/mrtV2/mrtV2,,0.1,0,0,,,,,,,,,
mrtV2_ID0000210,None,compute,0,1708021117.0,,,1708021122.0,1708021289.0,1708021483.0,947811.6,1708021128.0,1708021725.0,1708021641.0,1708021644.0,3322.0,1708021725.0,1708021730.0,5.0,,6.0,597.0,5.0,194.0,160605089.0,3.0,9747.0,poseidon,condorpool,poseidon-worker-2-container-24-27,mrtV2,/opt/mrtV2/mrtV2,,0.1,0,0,,,,,,,,,
mrtV2_ID0000217,None,compute,0,1708021117.0,,,1708021122.0,1708021126.0,1708021748.0,309003.5,1708021123.0,1708021860.0,1708021757.0,1708021794.0,282.0,1708021860.0,1708021865.0,5.0,,1.0,737.0,5.0,622.0,160748092.0,37.0,10532.0,poseidon,condorpool,poseidon-worker-1-container-16-19,mrtV2,/opt/mrtV2/mrtV2,,0.1,0,0,,,,,,,,,
mrtV2_ID0000216,None,compute,0,1708021117.0,,,1708021122.0,1708021289.0,1708021483.0,5768107.1,1708021156.0,1708021730.0,1708021641.0,1708021645.0,3064.0,1708021730.0,1708021735.0,5.0,,34.0,574.0,5.0,194.0,160605089.0,4.0,10988.0,poseidon,condorpool,poseidon-worker-2-container-16-19,mrtV2,/opt/mrtV2/mrtV2,,0.0,0,0,,,,,,,,,
merged_netcdf2png_ID0000248,None,compute,0,1708021117.0,,,1708021122.0,1708021126.0,1708021752.0,306204.8,1708021124.0,1708021955.0,1708021757.0,1708021798.0,535.0,1708021955.0,1708021960.0,5.0,,2.0,831.0,5.0,626.0,160754033.0,41.0,21640.0,poseidon,condorpool,poseidon-worker-1-container-44-47,merged_netcdf2png,/opt/netcdf2png/merged_netcdf2png,,0.1,0,0,,,,,,,,,
mrtV2_ID0000219,None,compute,0,1708021117.0,,,1708021122.0,1708021289.0,1708021641.0,463143.4,1708021156.0,1708021795.0,1708021722.0,1708021728.0,1518.0,1708021795.0,1708021800.0,5.0,,34.0,639.0,5.0,352.0,160605089.0,6.0,9088.0,poseidon,condorpool,poseidon-worker-2-container-32-35,mrtV2,/opt/mrtV2/mrtV2,,0.1,0,0,,,,,,,,,
mrtV2_ID0000202,None,compute,0,1708021117.0,,,1708021122.0,1708021261.0,1708021480.0,834749.6,1708021124.0,1708021645.0,1708021485.0,1708021488.0,3937.0,1708021645.0,1708021650.0,5.0,,2.0,521.0,5.0,219.0,160605089.0,3.0,12143.0,poseidon,condorpool,poseidon-worker-2-container-20-23,mrtV2,/opt/mrtV2/mrtV2,,0.0,0,0,,,,,,,,,
mrtV2_ID0000201,hdd_5,compute,0,1708021117.0,,,1708021122.0,1708021126.0,1708021748.0,308675.9,1708021123.0,1708021955.0,1708021757.0,1708021798.0,248.0,1708021955.0,1708021960.0,5.0,,1.0,832.0,5.0,622.0,160742764.0,41.0,10131.0,poseidon,condorpool,poseidon-worker-1-container-0-3,mrtV2,/opt/mrtV2/mrtV2,,0.1,0,0,,,,,,,,,
merged_netcdf2png_ID0000240,hdd_5,compute,0,1708021117.0,,,1708021122.0,1708021265.0,1708021757.0,700295.8,1708021244.0,1708021955.0,1708021798.0,1708021869.0,302.0,1708021955.0,1708021960.0,5.0,,122.0,711.0,5.0,492.0,319499424.0,71.0,21682.0,poseidon,condorpool,poseidon-worker-1-container-20-23,merged_netcdf2png,/opt/netcdf2png/merged_netcdf2png,,0.2,0,0,,,,,,,,,
mrtV2_ID0000204,None,compute,0,1708021117.0,,,1708021122.0,1708021127.0,1708021582.0,453111.5,1708021125.0,1708021760.0,1708021597.0,1708021716.0,84.0,1708021760.0,1708021765.0,5.0,,3.0,635.0,5.0,455.0,160605089.0,119.0,10040.0,poseidon,condorpool,poseidon-worker-1-container-8-11,mrtV2,/opt/mrtV2/mrtV2,,0.0,0,0,,,,,,,,,
mrtV2_ID0000203,None,compute,0,1708021117.0,,,1708021122.0,1708021265.0,1708021597.0,492593.6,1708021244.0,1708021760.0,1708021716.0,1708021750.0,274.0,1708021760.0,1708021765.0,5.0,,122.0,516.0,5.0,332.0,160605089.0,34.0,9303.0,poseidon,condorpool,poseidon-worker-1-container-36-39,mrtV2,/opt/mrtV2/mrtV2,,0.1,0,0,,,,,,,,,
merged_netcdf2png_ID0000241,None,compute,0,1708021117.0,,,1708021122.0,1708021203.0,1708021290.0,4678325.8,1708021124.0,1708021489.0,1708021465.0,1708021483.0,1245.0,1708021489.0,1708021494.0,5.0,,2.0,365.0,5.0,87.0,160656166.0,18.0,21918.0,poseidon,condorpool,poseidon-worker-2-container-36-39,merged_netcdf2png,/opt/netcdf2png/merged_netcdf2png,,0.1,0,0,,,,,,,,,
mrtV2_ID0000200,hdd_5,compute,0,1708021117.0,,,1708021122.0,1708021188.0,1708021480.0,610352.0,1708021123.0,1708021645.0,1708021485.0,1708021488.0,3313.0,1708021645.0,1708021650.0,5.0,,1.0,522.0,5.0,292.0,160605089.0,3.0,10138.0,poseidon,condorpool,poseidon-worker-2-container-28-31,mrtV2,/opt/mrtV2/mrtV2,,0.1,0,0,,,,,,,,,
mrtV2_ID0000317,hdd_5,compute,0,1708021117.0,,,1708021139.0,1708023065.0,1708023137.0,8600042.7,1708023003.0,1708023173.0,1708023161.0,1708023164.0,3401.0,1708023173.0,1708023178.0,22.0,,1864.0,170.0,5.0,72.0,160605089.0,3.0,10987.0,poseidon,condorpool,poseidon-worker-1-container-20-23,mrtV2,/opt/mrtV2/mrtV2,,0.1,0,0,,,,,,,,,
mrtV2_ID0000209,None,compute,0,1708021117.0,,,1708021122.0,1708021265.0,1708021585.0,1607072.1,1708021244.0,1708021955.0,1708021664.0,1708021912.0,82.0,1708021955.0,1708021960.0,5.0,,122.0,711.0,5.0,320.0,160605089.0,248.0,20460.0,poseidon,condorpool,poseidon-worker-1-container-24-27,mrtV2,/opt/mrtV2/mrtV2,,0.1,0,0,,,,,,,,,
mrtV2_ID0000218,None,compute,0,1708021117.0,,,1708021122.0,1708021126.0,1708021582.0,451847.3,1708021124.0,1708021760.0,1708021597.0,1708021716.0,73.0,1708021760.0,1708021765.0,5.0,,2.0,636.0,5.0,456.0,160605089.0,119.0,8721.0,poseidon,condorpool,poseidon-worker-1-container-28-31,mrtV2,/opt/mrtV2/mrtV2,,0.1,0,0,,,,,,,,,
merged_netcdf2png_ID0000349,hdd_5,compute,0,1708021117.0,,,1708021139.0,1708023006.0,1708023137.0,2125442.6,1708022936.0,1708023173.0,1708023161.0,1708023164.0,6966.0,1708023173.0,1708023178.0,22.0,,1797.0,237.0,5.0,131.0,160656166.0,3.0,22303.0,poseidon,condorpool,poseidon-worker-1-container-0-3,merged_netcdf2png,/opt/netcdf2png/merged_netcdf2png,,0.1,0,0,,,,,,,,,
mrtV2_ID0000347,None,compute,0,1708021117.0,,,1708021139.0,1708023082.0,1708023163.0,2903747.7,1708023004.0,1708023178.0,1708023169.0,1708023172.0,2742.0,1708023178.0,1708023183.0,22.0,,1865.0,174.0,5.0,81.0,160605089.0,3.0,8629.0,poseidon,condorpool,poseidon-worker-1-container-40-43,mrtV2,/opt/mrtV2/mrtV2,,0.0,0,0,,,,,,,,,
mrtV2_ID0000344,None,compute,0,1708021117.0,,,1708021139.0,1708023079.0,1708023137.0,31643829.0,1708023003.0,1708023173.0,1708023161.0,1708023164.0,3049.0,1708023173.0,1708023178.0,22.0,,1864.0,170.0,5.0,58.0,160605089.0,3.0,9651.0,poseidon,condorpool,poseidon-worker-1-container-40-43,mrtV2,/opt/mrtV2/mrtV2,,0.1,0,0,,,,,,,,,
merged_netcdf2png_ID0000377,None,compute,0,1708021117.0,,,1708021139.0,1708022833.0,1708023274.0,788443.1,1708022830.0,1708023304.0,1708023292.0,1708023296.0,5826.0,1708023304.0,1708023309.0,22.0,,1691.0,474.0,5.0,441.0,160656166.0,4.0,21814.0,poseidon,condorpool,poseidon-worker-2-container-16-19,merged_netcdf2png,/opt/netcdf2png/merged_netcdf2png,,0.1,0,0,,,,,,,,,
mrtV2_ID0000339,None,compute,0,1708021117.0,,,1708021139.0,1708022832.0,1708023274.0,789201.7,1708022830.0,1708023304.0,1708023292.0,1708023296.0,2797.0,1708023304.0,1708023309.0,22.0,,1691.0,474.0,5.0,442.0,160605089.0,4.0,10662.0,poseidon,condorpool,poseidon-worker-2-container-4-7,mrtV2,/opt/mrtV2/mrtV2,,0.1,0,0,,,,,,,,,
mrtV2_ID0000323,None,compute,0,1708021117.0,,,1708021139.0,1708022832.0,1708023274.0,785088.1,1708022823.0,1708023304.0,1708023292.0,1708023296.0,2441.0,1708023304.0,1708023309.0,22.0,,1684.0,481.0,5.0,442.0,160605089.0,4.0,9215.0,poseidon,condorpool,poseidon-worker-2-container-24-27,mrtV2,/opt/mrtV2/mrtV2,,0.1,0,0,,,,,,,,,
merged_netcdf2png_ID0000360,None,compute,0,1708021117.0,,,1708021139.0,1708022931.0,1708023028.0,5035631.9,1708022860.0,1708023138.0,1708023079.0,1708023083.0,6993.0,1708023138.0,1708023143.0,22.0,,1721.0,278.0,5.0,97.0,160656166.0,4.0,22313.0,poseidon,condorpool,poseidon-worker-1-container-8-11,merged_netcdf2png,/opt/netcdf2png/merged_netcdf2png,,0.1,0,0,0.0,489566.0,38.0,469.0,1.0,0.0,0.1,48956.6,3.8
mrtV2_ID0000322,None,compute,0,1708021117.0,,,1708021139.0,1708022832.0,1708023274.0,785211.5,1708022823.0,1708023304.0,1708023292.0,1708023296.0,3202.0,1708023304.0,1708023309.0,22.0,,1684.0,481.0,5.0,442.0,160605089.0,4.0,11964.0,poseidon,condorpool,poseidon-worker-2-container-40-43,mrtV2,/opt/mrtV2/mrtV2,,0.1,0,0,,,,,,,,,
merged_netcdf2png_ID0000361,None,compute,0,1708021117.0,,,1708021139.0,1708022832.0,1708023274.0,787723.6,1708022816.0,1708023304.0,1708023292.0,1708023295.0,7178.0,1708023304.0,1708023309.0,22.0,,1677.0,488.0,5.0,442.0,160656166.0,3.0,21974.0,poseidon,condorpool,poseidon-worker-2-container-36-39,merged_netcdf2png,/opt/netcdf2png/merged_netcdf2png,,0.1,0,0,,,,,,,,,
mrtV2_ID0000324,None,compute,0,1708021117.0,,,1708021139.0,1708022832.0,1708023274.0,786476.7,1708022816.0,1708023304.0,1708023292.0,1708023296.0,2902.0,1708023304.0,1708023309.0,22.0,,1677.0,488.0,5.0,442.0,160605089.0,4.0,10901.0,poseidon,condorpool,poseidon-worker-2-container-12-15,mrtV2,/opt/mrtV2/mrtV2,,0.1,0,0,,,,,,,,,
merged_netcdf2png_ID0000362,None,compute,0,1708021117.0,,,1708021139.0,1708022832.0,1708023274.0,786265.7,1708022816.0,1708023304.0,1708023292.0,1708023296.0,5846.0,1708023304.0,1708023309.0,22.0,,1677.0,488.0,5.0,442.0,160656166.0,4.0,22177.0,poseidon,condorpool,poseidon-worker-2-container-36-39,merged_netcdf2png,/opt/netcdf2png/merged_netcdf2png,,0.1,0,0,,,,,,,,,
mrtV2_ID0000321,None,compute,0,1708021117.0,,,1708021139.0,1708022815.0,1708023037.0,9058162.9,1708022814.0,1708023283.0,1708023272.0,1708023275.0,3242.0,1708023283.0,1708023289.0,22.0,,1675.0,469.0,6.0,222.0,160605089.0,3.0,9882.0,poseidon,condorpool,poseidon-worker-2-container-40-43,mrtV2,/opt/mrtV2/mrtV2,,0.1,0,0,,,,,,,,,
mrtV2_ID0000320,None,compute,0,1708021117.0,,,1708021139.0,1708022815.0,1708023037.0,9093053.6,1708022814.0,1708023294.0,1708023272.0,1708023275.0,3581.0,1708023294.0,1708023299.0,22.0,,1675.0,480.0,5.0,222.0,160605089.0,3.0,10997.0,poseidon,condorpool,poseidon-worker-2-container-20-23,mrtV2,/opt/mrtV2/mrtV2,,0.1,0,0,,,,,,,,,
merged_netcdf2png_ID0000367,None,compute,0,1708021117.0,,,1708021139.0,1708022815.0,1708023036.0,8781678.1,1708022814.0,1708023294.0,1708023272.0,1708023275.0,7231.0,1708023294.0,1708023299.0,22.0,,1675.0,480.0,5.0,221.0,160656166.0,3.0,22296.0,poseidon,condorpool,poseidon-worker-2-container-36-39,merged_netcdf2png,/opt/netcdf2png/merged_netcdf2png,,0.1,0,0,,,,,,,,,
merged_netcdf2png_ID0000368,None,compute,0,1708021117.0,,,1708021139.0,1708022810.0,1708022836.0,19530984.6,1708022808.0,1708023273.0,1708023034.0,1708023037.0,6931.0,1708023273.0,1708023278.0,22.0,,1669.0,465.0,5.0,26.0,160656166.0,3.0,22217.0,poseidon,condorpool,poseidon-worker-2-container-4-7,merged_netcdf2png,/opt/netcdf2png/merged_netcdf2png,,0.1,0,0,,,,,,,,,
merged_netcdf2png_ID0000369,None,compute,0,1708021117.0,,,1708021139.0,1708022810.0,1708022821.0,31119940.4,1708022808.0,1708023038.0,1708022831.0,1708022945.0,196.0,1708023038.0,1708023043.0,22.0,,1669.0,230.0,5.0,11.0,160656166.0,114.0,22308.0,poseidon,condorpool,poseidon-worker-2-container-24-27,merged_netcdf2png,/opt/netcdf2png/merged_netcdf2png,,0.1,0,0,,,,,,,,,
mrtV2_ID0000327,None,compute,0,1708021117.0,,,1708021139.0,1708022810.0,1708022833.0,31292264.4,1708022808.0,1708023273.0,1708023034.0,1708023037.0,3932.0,1708023273.0,1708023278.0,22.0,,1669.0,465.0,5.0,23.0,160605089.0,3.0,10555.0,poseidon,condorpool,poseidon-worker-2-container-8-11,mrtV2,/opt/mrtV2/mrtV2,,0.1,0,0,,,,,,,,,
merged_netcdf2png_ID0000363,None,compute,0,1708021117.0,,,1708021139.0,1708022810.0,1708022836.0,21742672.0,1708022808.0,1708023273.0,1708023034.0,1708023037.0,6687.0,1708023273.0,1708023278.0,22.0,,1669.0,465.0,5.0,26.0,160656166.0,3.0,22076.0,poseidon,condorpool,poseidon-worker-2-container-0-3,merged_netcdf2png,/opt/netcdf2png/merged_netcdf2png,,0.1,0,0,,,,,,,,,
mrtV2_ID0000326,None,compute,0,1708021117.0,,,1708021139.0,1708022810.0,1708022833.0,27833998.8,1708022808.0,1708023273.0,1708023034.0,1708023037.0,3986.0,1708023273.0,1708023278.0,22.0,,1669.0,465.0,5.0,23.0,160605089.0,3.0,10708.0,poseidon,condorpool,poseidon-worker-2-container-20-23,mrtV2,/opt/mrtV2/mrtV2,,0.1,0,0,,,,,,,,,
merged_netcdf2png_ID0000364,None,compute,0,1708021117.0,,,1708021139.0,1708022810.0,1708022833.0,29392010.0,1708022808.0,1708023278.0,1708023034.0,1708023272.0,183.0,1708023278.0,1708023283.0,22.0,,1669.0,470.0,5.0,23.0,160656166.0,238.0,43764.0,poseidon,condorpool,poseidon-worker-2-container-20-23,merged_netcdf2png,/opt/netcdf2png/merged_netcdf2png,,0.2,0,0,,,,,,,,,
mrtV2_ID0000329,None,compute,0,1708021117.0,,,1708021139.0,1708022810.0,1708022833.0,30084599.0,1708022808.0,1708023273.0,1708023034.0,1708023037.0,3419.0,1708023273.0,1708023278.0,22.0,,1669.0,465.0,5.0,23.0,160605089.0,3.0,11142.0,poseidon,condorpool,poseidon-worker-2-container-8-11,mrtV2,/opt/mrtV2/mrtV2,,0.1,0,0,,,,,,,,,
merged_netcdf2png_ID0000365,None,compute,0,1708021117.0,,,1708021139.0,1708022810.0,1708022833.0,31205188.6,1708022808.0,1708023273.0,1708023034.0,1708023037.0,6841.0,1708023273.0,1708023278.0,22.0,,1669.0,465.0,5.0,23.0,160656166.0,3.0,22048.0,poseidon,condorpool,poseidon-worker-2-container-32-35,merged_netcdf2png,/opt/netcdf2png/merged_netcdf2png,,0.1,0,0,,,,,,,,,
merged_netcdf2png_ID0000376,None,compute,0,1708021117.0,,,1708021139.0,1708022832.0,1708023274.0,787160.3,1708022830.0,1708023439.0,1708023292.0,1708023430.0,312.0,1708023439.0,1708023444.0,22.0,,1691.0,609.0,5.0,442.0,160656166.0,138.0,42964.0,poseidon,condorpool,poseidon-worker-2-container-4-7,merged_netcdf2png,/opt/netcdf2png/merged_netcdf2png,,0.1,0,0,,,,,,,,,
merged_netcdf2png_ID0000375,None,compute,0,1708021117.0,,,1708021139.0,1708022833.0,1708023274.0,789612.4,1708022830.0,1708023439.0,1708023292.0,1708023432.0,310.0,1708023439.0,1708023444.0,22.0,,1691.0,609.0,5.0,441.0,160656166.0,140.0,43674.0,poseidon,condorpool,poseidon-worker-2-container-16-19,merged_netcdf2png,/opt/netcdf2png/merged_netcdf2png,,0.1,0,0,,,,,,,,,
mrtV2_ID0000337,None,compute,0,1708021117.0,,,1708021139.0,1708022832.0,1708023274.0,788841.6,1708022823.0,1708023304.0,1708023292.0,1708023296.0,2808.0,1708023304.0,1708023309.0,22.0,,1684.0,481.0,5.0,442.0,160605089.0,4.0,10515.0,poseidon,condorpool,poseidon-worker-2-container-24-27,mrtV2,/opt/mrtV2/mrtV2,,0.1,0,0,,,,,,,,,
mrtV2_ID0000338,None,compute,0,1708021117.0,,,1708021139.0,1708022833.0,1708023274.0,790626.3,1708022830.0,1708023304.0,1708023292.0,1708023295.0,3054.0,1708023304.0,1708023309.0,22.0,,1691.0,474.0,5.0,441.0,160605089.0,3.0,9200.0,poseidon,condorpool,poseidon-worker-2-container-16-19,mrtV2,/opt/mrtV2/mrtV2,,0.1,0,0,,,,,,,,,
merged_netcdf2png_ID0000250,hdd_5,compute,0,1708021117.0,,,1708021122.0,1708021289.0,1708021647.0,827180.6,1708021156.0,1708021790.0,1708021722.0,1708021728.0,3825.0,1708021790.0,1708021795.0,5.0,,34.0,634.0,5.0,358.0,160656166.0,6.0,21619.0,poseidon,condorpool,poseidon-worker-2-container-44-47,merged_netcdf2png,/opt/netcdf2png/merged_netcdf2png,,0.1,0,0,,,,,,,,,
mrtV2_ID0000346,None,compute,0,1708021117.0,,,1708021139.0,1708023081.0,1708023163.0,2891369.5,1708023003.0,1708023178.0,1708023168.0,1708023171.0,3166.0,1708023178.0,1708023183.0,22.0,,1864.0,175.0,5.0,82.0,160605089.0,3.0,9741.0,poseidon,condorpool,poseidon-worker-1-container-24-27,mrtV2,/opt/mrtV2/mrtV2,,0.0,0,0,,,,,,,,,
mrtV2_ID0000341,None,compute,0,1708021117.0,,,1708021139.0,1708023006.0,1708023137.0,2076814.6,1708022936.0,1708023173.0,1708023161.0,1708023164.0,3200.0,1708023173.0,1708023178.0,22.0,,1797.0,237.0,5.0,131.0,160605089.0,3.0,10181.0,poseidon,condorpool,poseidon-worker-1-container-32-35,mrtV2,/opt/mrtV2/mrtV2,,0.1,0,0,,,,,,,,,
mrtV2_ID0000340,None,compute,0,1708021117.0,,,1708021139.0,1708023003.0,1708023092.0,2240187.5,1708022936.0,1708023163.0,1708023135.0,1708023138.0,3260.0,1708023163.0,1708023168.0,22.0,,1797.0,227.0,5.0,89.0,160605089.0,3.0,10123.0,poseidon,condorpool,poseidon-worker-1-container-12-15,mrtV2,/opt/mrtV2/mrtV2,,0.1,0,0,,,,,,,,,
mrtV2_ID0000343,hdd_5,compute,0,1708021117.0,,,1708021139.0,1708023000.0,1708023079.0,3788674.1,1708022935.0,1708023163.0,1708023135.0,1708023138.0,2702.0,1708023163.0,1708023168.0,22.0,,1796.0,228.0,5.0,79.0,160605089.0,3.0,8733.0,poseidon,condorpool,poseidon-worker-1-container-0-3,mrtV2,/opt/mrtV2/mrtV2,,0.1,0,0,,,,,,,,,
mrtV2_ID0000342,None,compute,0,1708021117.0,,,1708021139.0,1708023000.0,1708023092.0,2505227.2,1708022935.0,1708023163.0,1708023135.0,1708023138.0,3358.0,1708023163.0,1708023168.0,22.0,,1796.0,228.0,5.0,92.0,160605089.0,3.0,10375.0,poseidon,condorpool,poseidon-worker-1-container-8-11,mrtV2,/opt/mrtV2/mrtV2,,0.1,0,0,,,,,,,,,
merged_netcdf2png_ID0000348,None,compute,0,1708021117.0,,,1708021139.0,1708022935.0,1708023079.0,1496707.4,1708022861.0,1708023163.0,1708023135.0,1708023138.0,6949.0,1708023163.0,1708023168.0,22.0,,1722.0,302.0,5.0,144.0,160656166.0,3.0,22319.0,poseidon,condorpool,poseidon-worker-1-container-28-31,merged_netcdf2png,/opt/netcdf2png/merged_netcdf2png,,0.1,0,0,,,,,,,,,
merged_netcdf2png_ID0000370,None,compute,0,1708021117.0,,,1708021139.0,1708022933.0,1708023028.0,5807286.3,1708022861.0,1708023138.0,1708023079.0,1708023083.0,6833.0,1708023138.0,1708023143.0,22.0,,1722.0,277.0,5.0,95.0,160656166.0,4.0,22066.0,poseidon,condorpool,poseidon-worker-1-container-28-31,merged_netcdf2png,/opt/netcdf2png/merged_netcdf2png,,0.1,0,0,0.0,502022.0,38.0,496.0,1.0,0.0,0.1,50202.2,3.8
mrtV2_ID0000334,None,compute,0,1708021117.0,,,1708021139.0,1708022932.0,1708023028.0,5073305.4,1708022861.0,1708023138.0,1708023065.0,1708023082.0,614.0,1708023138.0,1708023143.0,22.0,,1722.0,277.0,5.0,96.0,160605089.0,17.0,10224.0,poseidon,condorpool,poseidon-worker-1-container-24-27,mrtV2,/opt/mrtV2/mrtV2,,0.1,0,0,,,,,,,,,
mrtV2_ID0000345,None,compute,0,1708021117.0,,,1708021139.0,1708023082.0,1708023163.0,2919770.7,1708023004.0,1708023178.0,1708023169.0,1708023172.0,2759.0,1708023178.0,1708023183.0,22.0,,1865.0,174.0,5.0,81.0,160605089.0,3.0,8635.0,poseidon,condorpool,poseidon-worker-1-container-36-39,mrtV2,/opt/mrtV2/mrtV2,,0.0,0,0,,,,,,,,,
merged_netcdf2png_ID0000371,hdd_5,compute,0,1708021117.0,,,1708021139.0,1708023035.0,1708023274.0,31593067.6,1708022945.0,1708023304.0,1708023292.0,1708023295.0,7282.0,1708023304.0,1708023309.0,22.0,,1806.0,359.0,5.0,239.0,160656166.0,3.0,21896.0,poseidon,condorpool,poseidon-worker-2-container-44-47,merged_netcdf2png,/opt/netcdf2png/merged_netcdf2png,,0.1,0,0,,,,,,,,,
merged_netcdf2png_ID0000372,hdd_5,compute,0,1708021117.0,,,1708021139.0,1708022836.0,1708023274.0,802918.0,1708022832.0,1708023304.0,1708023292.0,1708023296.0,5872.0,1708023304.0,1708023309.0,22.0,,1693.0,472.0,5.0,438.0,160656166.0,4.0,21984.0,poseidon,condorpool,poseidon-worker-2-container-44-47,merged_netcdf2png,/opt/netcdf2png/merged_netcdf2png,,0.1,0,0,,,,,,,,,
mrtV2_ID0000336,hdd_5,compute,0,1708021117.0,,,1708021139.0,1708022945.0,1708023274.0,1747336.6,1708022832.0,1708023304.0,1708023292.0,1708023296.0,2564.0,1708023304.0,1708023309.0,22.0,,1693.0,472.0,5.0,329.0,160605089.0,4.0,9588.0,poseidon,condorpool,poseidon-worker-2-container-28-31,mrtV2,/opt/mrtV2/mrtV2,,0.1,0,0,,,,,,,,,
mrtV2_ID0000335,None,compute,0,1708021117.0,,,1708021139.0,1708022836.0,1708023274.0,800130.8,1708022832.0,1708023304.0,1708023292.0,1708023296.0,2771.0,1708023304.0,1708023309.0,22.0,,1693.0,472.0,5.0,438.0,160605089.0,4.0,10411.0,poseidon,condorpool,poseidon-worker-2-container-0-3,mrtV2,/opt/mrtV2/mrtV2,,0.0,0,0,,,,,,,,,
merged_netcdf2png_ID0000373,hdd_5,compute,0,1708021117.0,,,1708021139.0,1708022945.0,1708023274.0,1744219.0,1708022832.0,1708023304.0,1708023292.0,1708023296.0,5883.0,1708023304.0,1708023309.0,22.0,,1693.0,472.0,5.0,329.0,160656166.0,4.0,22091.0,poseidon,condorpool,poseidon-worker-2-container-44-47,merged_netcdf2png,/opt/netcdf2png/merged_netcdf2png,,0.1,0,0,,,,,,,,,
mrtV2_ID0000330,None,compute,0,1708021117.0,,,1708021139.0,1708023035.0,1708023274.0,26973737.0,1708022833.0,1708023304.0,1708023292.0,1708023296.0,2787.0,1708023304.0,1708023309.0,22.0,,1694.0,471.0,5.0,239.0,160605089.0,4.0,10599.0,poseidon,condorpool,poseidon-worker-2-container-16-19,mrtV2,/opt/mrtV2/mrtV2,,0.1,0,0,,,,,,,,,
mrtV2_ID0000332,hdd_5,compute,0,1708021117.0,,,1708021139.0,1708022945.0,1708023274.0,1748119.5,1708022832.0,1708023304.0,1708023292.0,1708023296.0,2760.0,1708023304.0,1708023309.0,22.0,,1693.0,472.0,5.0,329.0,160605089.0,4.0,10352.0,poseidon,condorpool,poseidon-worker-2-container-28-31,mrtV2,/opt/mrtV2/mrtV2,,0.1,0,0,,,,,,,,,
mrtV2_ID0000331,None,compute,0,1708021117.0,,,1708021139.0,1708022945.0,1708023274.0,1720398.4,1708022832.0,1708023304.0,1708023292.0,1708023295.0,3515.0,1708023304.0,1708023309.0,22.0,,1693.0,472.0,5.0,329.0,160605089.0,3.0,10702.0,poseidon,condorpool,poseidon-worker-2-container-0-3,mrtV2,/opt/mrtV2/mrtV2,,0.1,0,0,,,,,,,,,
merged_netcdf2png_ID0000378,None,compute,0,1708021117.0,,,1708021139.0,1708022836.0,1708023274.0,798090.0,1708022832.0,1708023304.0,1708023292.0,1708023296.0,5799.0,1708023304.0,1708023309.0,22.0,,1693.0,472.0,5.0,438.0,160656166.0,4.0,21519.0,poseidon,condorpool,poseidon-worker-2-container-24-27,merged_netcdf2png,/opt/netcdf2png/merged_netcdf2png,,0.1,0,0,,,,,,,,,
merged_netcdf2png_ID0000374,None,compute,0,1708021117.0,,,1708021139.0,1708022836.0,1708023274.0,800645.2,1708022831.0,1708023304.0,1708023292.0,1708023296.0,5817.0,1708023304.0,1708023309.0,22.0,,1692.0,473.0,5.0,438.0,160656166.0,4.0,21998.0,poseidon,condorpool,poseidon-worker-2-container-12-15,merged_netcdf2png,/opt/netcdf2png/merged_netcdf2png,,0.1,0,0,,,,,,,,,
mrtV2_ID0000333,hdd_5,compute,0,1708021117.0,,,1708021139.0,1708022945.0,1708023274.0,1720268.7,1708022832.0,1708023304.0,1708023292.0,1708023296.0,2780.0,1708023304.0,1708023309.0,22.0,,1693.0,472.0,5.0,329.0,160605089.0,4.0,10414.0,poseidon,condorpool,poseidon-worker-2-container-28-31,mrtV2,/opt/mrtV2/mrtV2,,0.1,0,0,,,,,,,,,
mrtV2_ID0000213,None,compute,0,1708021117.0,,,1708021122.0,1708021261.0,1708021480.0,836341.9,1708021124.0,1708021645.0,1708021485.0,1708021488.0,3126.0,1708021645.0,1708021650.0,5.0,,2.0,521.0,5.0,219.0,160605089.0,3.0,9549.0,poseidon,condorpool,poseidon-worker-2-container-36-39,mrtV2,/opt/mrtV2/mrtV2,,0.0,0,0,,,,,,,,,
merged_netcdf2png_ID0000227,hdd_5,compute,0,1708021117.0,,,1708021122.0,1708021261.0,1708021585.0,1563213.4,1708021244.0,1708021760.0,1708021664.0,1708021718.0,413.0,1708021760.0,1708021765.0,5.0,,122.0,516.0,5.0,324.0,160656166.0,54.0,22000.0,poseidon,condorpool,poseidon-worker-1-container-0-3,merged_netcdf2png,/opt/netcdf2png/merged_netcdf2png,,0.1,0,0,,,,,,,,,
merged_netcdf2png_ID0000222,None,compute,0,1708021117.0,,,1708021122.0,1708021126.0,1708021752.0,306221.7,1708021124.0,1708022035.0,1708021757.0,1708021952.0,227.0,1708022035.0,1708022040.0,5.0,,2.0,911.0,5.0,626.0,160754401.0,195.0,44352.0,poseidon,condorpool,poseidon-worker-1-container-8-11,merged_netcdf2png,/opt/netcdf2png/merged_netcdf2png,,0.1,0,0,,,,,,,,,
merged_netcdf2png_ID0000182,None,compute,0,1708021117.0,,,1708021134.0,1708022601.0,1708022816.0,765619.4,1708022599.0,1708023038.0,1708022830.0,1708022836.0,3934.0,1708023038.0,1708023043.0,17.0,,1465.0,439.0,5.0,215.0,160656166.0,6.0,21126.0,poseidon,condorpool,poseidon-worker-2-container-12-15,merged_netcdf2png,/opt/netcdf2png/merged_netcdf2png,,0.1,0,0,,,,,,,,,
merged_netcdf2png_ID0000187,None,compute,0,1708021117.0,,,1708021134.0,1708022600.0,1708022810.0,28241042.0,1708022598.0,1708022832.0,1708022815.0,1708022820.0,4967.0,1708022832.0,1708022837.0,17.0,,1464.0,234.0,5.0,210.0,160656166.0,5.0,21512.0,poseidon,condorpool,poseidon-worker-2-container-0-3,merged_netcdf2png,/opt/netcdf2png/merged_netcdf2png,,0.1,0,0,,,,,,,,,
merged_netcdf2png_ID0000188,None,compute,0,1708021117.0,,,1708021134.0,1708022601.0,1708022816.0,767713.4,1708022599.0,1708023038.0,1708022830.0,1708022836.0,4019.0,1708023038.0,1708023043.0,17.0,,1465.0,439.0,5.0,215.0,160656166.0,6.0,21545.0,poseidon,condorpool,poseidon-worker-2-container-32-35,merged_netcdf2png,/opt/netcdf2png/merged_netcdf2png,,0.1,0,0,,,,,,,,,
stage_out_local_condorpool_0_0,None,transfer,0,1708021117.0,,,1708021122.0,,,0.0,1708021122.0,1708021139.0,,,0.0,1708021139.0,1708021144.0,5.0,,0.0,17.0,5.0,,,,,poseidon,local,poseidon-submit,pegasus::transfer,/mnt/poseidon-data/poseidon/pegasus-5.1.0panorama/bin/pegasus-transfer,/home/poseidon/pegasus-5.1.0panorama/bin/../bin/pegasus-kickstart  -n pegasus::transfer -N null -i - -R local  -L casa-nowcast-small -T 2024-01-31T00:08:22+00:00 /home/poseidon/pegasus-5.1.0panorama/bin/../bin/pegasus-transfer  --threads 2,16.8,0,0,,,,,,,,,
merged_netcdf2png_ID0000189,None,compute,0,1708021117.0,,,1708021134.0,1708022642.0,1708022931.0,834393.8,1708022608.0,1708023068.0,1708023003.0,1708023028.0,877.0,1708023068.0,1708023073.0,17.0,,1474.0,460.0,5.0,289.0,160656166.0,25.0,21339.0,poseidon,condorpool,poseidon-worker-1-container-32-35,merged_netcdf2png,/opt/netcdf2png/merged_netcdf2png,,0.1,0,0,,,,,,,,,
mrtV2_ID0000141,None,compute,0,1708021117.0,,,1708021134.0,1708022642.0,1708022932.0,768317.3,1708022607.0,1708023083.0,1708023003.0,1708023054.0,187.0,1708023083.0,1708023088.0,17.0,,1473.0,476.0,5.0,290.0,160605089.0,51.0,9549.0,poseidon,condorpool,poseidon-worker-1-container-16-19,mrtV2,/opt/mrtV2/mrtV2,,0.1,0,0,,,,,,,,,
mrtV2_ID0000140,None,compute,0,1708021117.0,,,1708021134.0,1708022642.0,1708022931.0,767781.1,1708022637.0,1708023083.0,1708023003.0,1708023054.0,197.0,1708023083.0,1708023088.0,17.0,,1503.0,446.0,5.0,289.0,160605089.0,51.0,10045.0,poseidon,condorpool,poseidon-worker-1-container-44-47,mrtV2,/opt/mrtV2/mrtV2,,0.1,0,0,,,,,,,,,
merged_netcdf2png_ID0000172,None,compute,0,1708021117.0,,,1708021134.0,1708022641.0,1708022932.0,673434.7,1708022607.0,1708023083.0,1708023003.0,1708023054.0,422.0,1708023083.0,1708023088.0,17.0,,1473.0,476.0,5.0,291.0,160656166.0,51.0,21454.0,poseidon,condorpool,poseidon-worker-1-container-12-15,merged_netcdf2png,/opt/netcdf2png/merged_netcdf2png,,0.1,0,0,,,,,,,,,
mrtV2_ID0000136,hdd_5,compute,0,1708021117.0,,,1708021134.0,1708022720.0,1708022931.0,972291.7,1708022641.0,1708023083.0,1708023003.0,1708023054.0,212.0,1708023083.0,1708023088.0,17.0,,1507.0,442.0,5.0,211.0,160605089.0,51.0,10777.0,poseidon,condorpool,poseidon-worker-1-container-0-3,mrtV2,/opt/mrtV2/mrtV2,,0.1,0,0,,,,,,,,,
mrtV2_ID0000135,hdd_5,compute,0,1708021117.0,,,1708021134.0,1708022780.0,1708023000.0,1098054.6,1708022642.0,1708023138.0,1708023054.0,1708023081.0,405.0,1708023138.0,1708023143.0,17.0,,1508.0,496.0,5.0,220.0,160605089.0,27.0,10779.0,poseidon,condorpool,poseidon-worker-1-container-20-23,mrtV2,/opt/mrtV2/mrtV2,,0.1,0,0,0.0,290723.0,0.0,490.0,0.0,0.0,0.0,14536.1,
merged_netcdf2png_ID0000173,None,compute,0,1708021117.0,,,1708021134.0,1708022642.0,1708022932.0,767952.3,1708022637.0,1708023083.0,1708023003.0,1708023054.0,425.0,1708023083.0,1708023088.0,17.0,,1503.0,446.0,5.0,290.0,160656166.0,51.0,21595.0,poseidon,condorpool,poseidon-worker-1-container-28-31,merged_netcdf2png,/opt/netcdf2png/merged_netcdf2png,,0.1,0,0,,,,,,,,,
merged_netcdf2png_ID0000174,hdd_5,compute,0,1708021117.0,,,1708021134.0,1708022600.0,1708022810.0,28284263.5,1708022598.0,1708022832.0,1708022815.0,1708022820.0,5273.0,1708022832.0,1708022837.0,17.0,,1464.0,234.0,5.0,210.0,160656166.0,5.0,21834.0,poseidon,condorpool,poseidon-worker-2-container-44-47,merged_netcdf2png,/opt/netcdf2png/merged_netcdf2png,,0.1,0,0,,,,,,,,,
mrtV2_ID0000138,hdd_5,compute,0,1708021117.0,,,1708021134.0,1708022599.0,1708022810.0,30226161.4,1708022552.0,1708022832.0,1708022815.0,1708022820.0,2337.0,1708022832.0,1708022837.0,17.0,,1418.0,280.0,5.0,211.0,160605089.0,5.0,10090.0,poseidon,condorpool,poseidon-worker-2-container-28-31,mrtV2,/opt/mrtV2/mrtV2,,0.0,0,0,,,,,,,,,
mrtV2_ID0000137,hdd_5,compute,0,1708021117.0,,,1708021134.0,1708022598.0,1708022810.0,27810507.5,1708022550.0,1708022832.0,1708022815.0,1708022820.0,2602.0,1708022832.0,1708022837.0,17.0,,1416.0,282.0,5.0,212.0,160605089.0,5.0,11573.0,poseidon,condorpool,poseidon-worker-2-container-44-47,mrtV2,/opt/mrtV2/mrtV2,,0.1,0,0,,,,,,,,,
merged_netcdf2png_ID0000175,hdd_5,compute,0,1708021117.0,,,1708021134.0,1708022599.0,1708022810.0,31544697.2,1708022597.0,1708022832.0,1708022815.0,1708022820.0,5177.0,1708022832.0,1708022837.0,17.0,,1463.0,235.0,5.0,211.0,160656166.0,5.0,21515.0,poseidon,condorpool,poseidon-worker-2-container-44-47,merged_netcdf2png,/opt/netcdf2png/merged_netcdf2png,,0.1,0,0,,,,,,,,,
mrtV2_ID0000132,None,compute,0,1708021117.0,,,1708021134.0,1708022552.0,1708022810.0,3373896.3,1708022523.0,1708022832.0,1708022815.0,1708022820.0,2004.0,1708022832.0,1708022837.0,17.0,,1389.0,309.0,5.0,258.0,160605089.0,5.0,9230.0,poseidon,condorpool,poseidon-worker-2-container-12-15,mrtV2,/opt/mrtV2/mrtV2,,0.1,0,0,,,,,,,,,
mrtV2_ID0000131,None,compute,0,1708021117.0,,,1708021134.0,1708022552.0,1708022810.0,3358308.6,1708022524.0,1708022832.0,1708022815.0,1708022820.0,2257.0,1708022832.0,1708022837.0,17.0,,1390.0,308.0,5.0,258.0,160605089.0,5.0,9717.0,poseidon,condorpool,poseidon-worker-2-container-24-27,mrtV2,/opt/mrtV2/mrtV2,,0.1,0,0,,,,,,,,,
merged_netcdf2png_ID0000170,None,compute,0,1708021117.0,,,1708021134.0,1708022552.0,1708022810.0,3371187.9,1708022523.0,1708022832.0,1708022815.0,1708022820.0,5072.0,1708022832.0,1708022837.0,17.0,,1389.0,309.0,5.0,258.0,160656166.0,5.0,21782.0,poseidon,condorpool,poseidon-worker-2-container-0-3,merged_netcdf2png,/opt/netcdf2png/merged_netcdf2png,,0.1,0,0,,,,,,,,,
mrtV2_ID0000134,hdd_5,compute,0,1708021117.0,,,1708021134.0,1708022523.0,1708022600.0,5506430.6,1708022473.0,1708022817.0,1708022807.0,1708022810.0,3570.0,1708022817.0,1708022822.0,17.0,,1339.0,344.0,5.0,77.0,160605089.0,3.0,10978.0,poseidon,condorpool,poseidon-worker-2-container-44-47,mrtV2,/opt/mrtV2/mrtV2,,0.1,0,0,,,,,,,,,
mrtV2_ID0000144,hdd_5,compute,0,1708021117.0,,,1708021134.0,1708022600.0,1708022815.0,768299.9,1708022598.0,1708023038.0,1708022830.0,1708022836.0,1938.0,1708023038.0,1708023043.0,17.0,,1464.0,440.0,5.0,215.0,160605089.0,6.0,10398.0,poseidon,condorpool,poseidon-worker-2-container-28-31,mrtV2,/opt/mrtV2/mrtV2,,0.0,0,0,,,,,,,,,
merged_netcdf2png_ID0000181,None,compute,0,1708021117.0,,,1708021134.0,1708022645.0,1708022931.0,667856.6,1708022637.0,1708023083.0,1708023003.0,1708023054.0,415.0,1708023083.0,1708023088.0,17.0,,1503.0,446.0,5.0,286.0,160656166.0,51.0,21124.0,poseidon,condorpool,poseidon-worker-1-container-44-47,merged_netcdf2png,/opt/netcdf2png/merged_netcdf2png,,0.1,0,0,,,,,,,,,
mrtV2_ID0000145,None,compute,0,1708021117.0,,,1708021134.0,1708022642.0,1708022932.0,831686.8,1708022608.0,1708023083.0,1708023003.0,1708023054.0,180.0,1708023083.0,1708023088.0,17.0,,1474.0,475.0,5.0,290.0,160605089.0,51.0,9163.0,poseidon,condorpool,poseidon-worker-1-container-16-19,mrtV2,/opt/mrtV2/mrtV2,,0.1,0,0,,,,,,,,,
mrtV2_ID0000142,None,compute,0,1708021117.0,,,1708021134.0,1708022642.0,1708023000.0,566989.0,1708022608.0,1708023138.0,1708023054.0,1708023081.0,362.0,1708023138.0,1708023143.0,17.0,,1474.0,530.0,5.0,358.0,160605089.0,27.0,9644.0,poseidon,condorpool,poseidon-worker-1-container-12-15,mrtV2,/opt/mrtV2/mrtV2,,0.1,0,0,0.0,267302.0,0.0,439.0,0.0,0.0,0.0,13365.1,
mrtV2_ID0000158,None,compute,0,1708021117.0,,,1708021139.0,1708022861.0,1708023028.0,1646480.2,1708022780.0,1708023138.0,1708023065.0,1708023082.0,587.0,1708023138.0,1708023143.0,22.0,,1641.0,358.0,5.0,167.0,160605089.0,17.0,9778.0,poseidon,condorpool,poseidon-worker-1-container-8-11,mrtV2,/opt/mrtV2/mrtV2,,0.1,0,0,,,,,,,,,
mrtV2_ID0000157,None,compute,0,1708021117.0,,,1708021139.0,1708022809.0,1708022833.0,28297996.5,1708022807.0,1708023273.0,1708023034.0,1708023037.0,2649.0,1708023273.0,1708023278.0,22.0,,1668.0,466.0,5.0,24.0,160605089.0,3.0,8592.0,poseidon,condorpool,poseidon-worker-2-container-32-35,mrtV2,/opt/mrtV2/mrtV2,,0.1,0,0,,,,,,,,,
mrtV2_ID0000154,None,compute,0,1708021117.0,,,1708021139.0,1708022810.0,1708022833.0,30174297.4,1708022807.0,1708023168.0,1708023034.0,1708023037.0,2041.0,1708023168.0,1708023173.0,22.0,,1668.0,361.0,5.0,23.0,160605089.0,3.0,6660.0,poseidon,condorpool,poseidon-worker-2-container-8-11,mrtV2,/opt/mrtV2/mrtV2,,0.1,0,0,,,,,,,,,
mrtV2_ID0000153,None,compute,0,1708021117.0,,,1708021139.0,1708022860.0,1708023028.0,1627805.3,1708022763.0,1708023093.0,1708023065.0,1708023082.0,610.0,1708023093.0,1708023098.0,22.0,,1624.0,330.0,5.0,168.0,160605089.0,17.0,10201.0,poseidon,condorpool,poseidon-worker-1-container-8-11,mrtV2,/opt/mrtV2/mrtV2,,0.1,0,0,,,,,,,,,
mrtV2_ID0000156,None,compute,0,1708021117.0,,,1708021139.0,1708022809.0,1708022833.0,27447631.5,1708022807.0,1708023278.0,1708023034.0,1708023272.0,71.0,1708023278.0,1708023283.0,22.0,,1668.0,471.0,5.0,24.0,160605089.0,238.0,16998.0,poseidon,condorpool,poseidon-worker-2-container-40-43,mrtV2,/opt/mrtV2/mrtV2,,0.1,0,0,,,,,,,,,
mrtV2_ID0000155,hdd_5,compute,0,1708021117.0,,,1708021139.0,1708022860.0,1708023028.0,1619706.0,1708022763.0,1708023138.0,1708023065.0,1708023082.0,441.0,1708023138.0,1708023143.0,22.0,,1624.0,375.0,5.0,168.0,160605089.0,17.0,7386.0,poseidon,condorpool,poseidon-worker-1-container-4-7,mrtV2,/opt/mrtV2/mrtV2,,0.1,0,0,,,,,,,,,
merged_netcdf2png_ID0000159,None,compute,0,1708021117.0,,,1708021139.0,1708022810.0,1708022836.0,21055034.0,1708022808.0,1708023273.0,1708023034.0,1708023037.0,6720.0,1708023273.0,1708023278.0,22.0,,1669.0,465.0,5.0,26.0,160656166.0,3.0,21729.0,poseidon,condorpool,poseidon-worker-2-container-4-7,merged_netcdf2png,/opt/netcdf2png/merged_netcdf2png,,0.1,0,0,,,,,,,,,
mrtV2_ID0000150,None,compute,0,1708021117.0,,,1708021139.0,1708022809.0,1708022833.0,25336844.4,1708022807.0,1708023273.0,1708023034.0,1708023037.0,2857.0,1708023273.0,1708023278.0,22.0,,1668.0,466.0,5.0,24.0,160605089.0,3.0,9359.0,poseidon,condorpool,poseidon-worker-2-container-12-15,mrtV2,/opt/mrtV2/mrtV2,,0.1,0,0,,,,,,,,,
mrtV2_ID0000152,None,compute,0,1708021117.0,,,1708021139.0,1708022861.0,1708023028.0,1642151.9,1708022763.0,1708023138.0,1708023065.0,1708023082.0,562.0,1708023138.0,1708023143.0,22.0,,1624.0,375.0,5.0,167.0,160605089.0,17.0,9364.0,poseidon,condorpool,poseidon-worker-1-container-28-31,mrtV2,/opt/mrtV2/mrtV2,,0.1,0,0,,,,,,,,,
merged_netcdf2png_ID0000171,None,compute,0,1708021117.0,,,1708021134.0,1708022523.0,1708022600.0,5133053.1,1708022473.0,1708022817.0,1708022807.0,1708022810.0,6998.0,1708022817.0,1708022822.0,17.0,,1339.0,344.0,5.0,77.0,160656166.0,3.0,21740.0,poseidon,condorpool,poseidon-worker-2-container-12-15,merged_netcdf2png,/opt/netcdf2png/merged_netcdf2png,,0.1,0,0,,,,,,,,,
mrtV2_ID0000151,None,compute,0,1708021117.0,,,1708021139.0,1708022809.0,1708022821.0,28242561.0,1708022807.0,1708023038.0,1708022831.0,1708022945.0,88.0,1708023038.0,1708023043.0,22.0,,1668.0,231.0,5.0,12.0,160605089.0,114.0,10087.0,poseidon,condorpool,poseidon-worker-2-container-20-23,mrtV2,/opt/mrtV2/mrtV2,,0.1,0,0,,,,,,,,,
merged_netcdf2png_ID0000183,None,compute,0,1708021117.0,,,1708021134.0,1708022810.0,1708022833.0,26452540.2,1708022808.0,1708023273.0,1708023034.0,1708023037.0,6402.0,1708023273.0,1708023278.0,17.0,,1674.0,465.0,5.0,23.0,160656166.0,3.0,21365.0,poseidon,condorpool,poseidon-worker-2-container-36-39,merged_netcdf2png,/opt/netcdf2png/merged_netcdf2png,,0.1,0,0,,,,,,,,,
merged_netcdf2png_ID0000184,hdd_5,compute,0,1708021117.0,,,1708021134.0,1708022780.0,1708023000.0,1097697.2,1708022642.0,1708023138.0,1708023065.0,1708023082.0,1280.0,1708023138.0,1708023143.0,17.0,,1508.0,496.0,5.0,220.0,160656166.0,17.0,21426.0,poseidon,condorpool,poseidon-worker-1-container-20-23,merged_netcdf2png,/opt/netcdf2png/merged_netcdf2png,,0.1,0,0,0.0,288001.0,0.0,480.0,0.0,0.0,0.0,14400.1,
mrtV2_ID0000146,hdd_5,compute,0,1708021117.0,,,1708021134.0,1708022645.0,1708022931.0,667983.0,1708022641.0,1708023083.0,1708023003.0,1708023065.0,167.0,1708023083.0,1708023088.0,17.0,,1507.0,442.0,5.0,286.0,160605089.0,62.0,10295.0,poseidon,condorpool,poseidon-worker-1-container-0-3,mrtV2,/opt/mrtV2/mrtV2,,0.1,0,0,,,,,,,,,
mrtV2_ID0000149,None,compute,0,1708021117.0,,,1708021134.0,1708022810.0,1708022836.0,18699552.6,1708022807.0,1708023278.0,1708023034.0,1708023272.0,81.0,1708023278.0,1708023283.0,17.0,,1673.0,471.0,5.0,26.0,160605089.0,238.0,19294.0,poseidon,condorpool,poseidon-worker-2-container-8-11,mrtV2,/opt/mrtV2/mrtV2,,0.1,0,0,,,,,,,,,
merged_netcdf2png_ID0000185,None,compute,0,1708021117.0,,,1708021134.0,1708022809.0,1708022833.0,28243123.0,1708022807.0,1708023273.0,1708023034.0,1708023037.0,6626.0,1708023273.0,1708023278.0,17.0,,1673.0,466.0,5.0,24.0,160656166.0,3.0,21578.0,poseidon,condorpool,poseidon-worker-2-container-0-3,merged_netcdf2png,/opt/netcdf2png/merged_netcdf2png,,0.1,0,0,,,,,,,,,
merged_netcdf2png_ID0000186,None,compute,0,1708021117.0,,,1708021134.0,1708022645.0,1708023000.0,573564.5,1708022637.0,1708023138.0,1708023065.0,1708023082.0,1285.0,1708023138.0,1708023143.0,17.0,,1503.0,501.0,5.0,355.0,160656166.0,17.0,21457.0,poseidon,condorpool,poseidon-worker-1-container-32-35,merged_netcdf2png,/opt/netcdf2png/merged_netcdf2png,,0.1,0,0,,,,,,,,,
mrtV2_ID0000148,None,compute,0,1708021117.0,,,1708021134.0,1708022642.0,1708022931.0,658963.7,1708022637.0,1708023083.0,1708023003.0,1708023054.0,222.0,1708023083.0,1708023088.0,17.0,,1503.0,446.0,5.0,289.0,160605089.0,51.0,11291.0,poseidon,condorpool,poseidon-worker-1-container-16-19,mrtV2,/opt/mrtV2/mrtV2,,0.1,0,0,,,,,,,,,
mrtV2_ID0000143,None,compute,0,1708021117.0,,,1708021134.0,1708022645.0,1708022931.0,668269.0,1708022637.0,1708023083.0,1708023003.0,1708023054.0,205.0,1708023083.0,1708023088.0,17.0,,1503.0,446.0,5.0,286.0,160605089.0,51.0,10433.0,poseidon,condorpool,poseidon-worker-1-container-44-47,mrtV2,/opt/mrtV2/mrtV2,,0.1,0,0,,,,,,,,,
merged_netcdf2png_ID0000180,None,compute,0,1708021117.0,,,1708021134.0,1708022642.0,1708022932.0,767735.6,1708022637.0,1708023083.0,1708023003.0,1708023054.0,419.0,1708023083.0,1708023088.0,17.0,,1503.0,446.0,5.0,290.0,160656166.0,51.0,21307.0,poseidon,condorpool,poseidon-worker-1-container-32-35,merged_netcdf2png,/opt/netcdf2png/merged_netcdf2png,,0.1,0,0,,,,,,,,,
mrtV2_ID0000147,hdd_5,compute,0,1708021117.0,,,1708021139.0,1708022861.0,1708023028.0,1641567.2,1708022763.0,1708023138.0,1708023065.0,1708023082.0,559.0,1708023138.0,1708023143.0,22.0,,1624.0,375.0,5.0,167.0,160605089.0,17.0,9355.0,poseidon,condorpool,poseidon-worker-1-container-20-23,mrtV2,/opt/mrtV2/mrtV2,,0.1,0,0,,,,,,,,,
merged_netcdf2png_ID0000223,None,compute,0,1708021117.0,,,1708021122.0,1708021265.0,1708021664.0,417241.0,1708021244.0,1708021760.0,1708021717.0,1708021750.0,653.0,1708021760.0,1708021765.0,5.0,,122.0,516.0,5.0,399.0,160656166.0,33.0,22022.0,poseidon,condorpool,poseidon-worker-1-container-36-39,merged_netcdf2png,/opt/netcdf2png/merged_netcdf2png,,0.1,0,0,,,,,,,,,
mrtV2_ID0000133,hdd_5,compute,0,1708021117.0,,,1708021134.0,1708022523.0,1708022810.0,2087417.2,1708022472.0,1708022832.0,1708022815.0,1708022820.0,2649.0,1708022832.0,1708022837.0,17.0,,1338.0,360.0,5.0,287.0,160605089.0,5.0,11565.0,poseidon,condorpool,poseidon-worker-2-container-28-31,mrtV2,/opt/mrtV2/mrtV2,,0.1,0,0,,,,,,,,,
mrtV2_ID0000139,hdd_5,compute,0,1708021117.0,,,1708021134.0,1708022523.0,1708022810.0,2089278.3,1708022472.0,1708022832.0,1708022815.0,1708022820.0,2532.0,1708022832.0,1708022837.0,17.0,,1338.0,360.0,5.0,287.0,160605089.0,5.0,11087.0,poseidon,condorpool,poseidon-worker-2-container-28-31,mrtV2,/opt/mrtV2/mrtV2,,0.1,0,0,,,,,,,,,
merged_netcdf2png_ID0000238,None,compute,0,1708021117.0,,,1708021122.0,1708021265.0,1708021585.0,1616343.5,1708021244.0,1708021760.0,1708021664.0,1708021718.0,407.0,1708021760.0,1708021765.0,5.0,,122.0,516.0,5.0,320.0,160656166.0,54.0,21675.0,poseidon,condorpool,poseidon-worker-1-container-40-43,merged_netcdf2png,/opt/netcdf2png/merged_netcdf2png,,0.2,0,0,,,,,,,,,
merged_netcdf2png_ID0000231,None,compute,0,1708021117.0,,,1708021122.0,1708021127.0,1708021748.0,308287.1,1708021124.0,1708021955.0,1708021757.0,1708021798.0,539.0,1708021955.0,1708021960.0,5.0,,2.0,831.0,5.0,621.0,160765737.0,41.0,21973.0,poseidon,condorpool,poseidon-worker-1-container-44-47,merged_netcdf2png,/opt/netcdf2png/merged_netcdf2png,,0.2,0,0,,,,,,,,,
merged_netcdf2png_ID0000232,None,compute,0,1708021117.0,,,1708021122.0,1708021289.0,1708021641.0,463474.4,1708021128.0,1708021795.0,1708021722.0,1708021728.0,3639.0,1708021795.0,1708021800.0,5.0,,6.0,667.0,5.0,352.0,160656166.0,6.0,21956.0,poseidon,condorpool,poseidon-worker-2-container-40-43,merged_netcdf2png,/opt/netcdf2png/merged_netcdf2png,,0.1,0,0,,,,,,,,,
merged_netcdf2png_ID0000233,None,compute,0,1708021117.0,,,1708021122.0,1708021260.0,1708021585.0,1540739.1,1708021127.0,1708021760.0,1708021664.0,1708021717.0,415.0,1708021760.0,1708021765.0,5.0,,5.0,633.0,5.0,325.0,160656166.0,53.0,21909.0,poseidon,condorpool,poseidon-worker-1-container-24-27,merged_netcdf2png,/opt/netcdf2png/merged_netcdf2png,,0.1,0,0,,,,,,,,,
merged_netcdf2png_ID0000234,None,compute,0,1708021117.0,,,1708021122.0,1708021289.0,1708021483.0,5704258.6,1708021128.0,1708021730.0,1708021641.0,1708021645.0,5990.0,1708021730.0,1708021735.0,5.0,,6.0,602.0,5.0,194.0,160656166.0,4.0,21714.0,poseidon,condorpool,poseidon-worker-2-container-8-11,merged_netcdf2png,/opt/netcdf2png/merged_netcdf2png,,0.1,0,0,,,,,,,,,
merged_netcdf2png_ID0000228,None,compute,0,1708021117.0,,,1708021122.0,1708021289.0,1708021641.0,462808.7,1708021128.0,1708021795.0,1708021722.0,1708021728.0,3695.0,1708021795.0,1708021800.0,5.0,,6.0,667.0,5.0,352.0,160656166.0,6.0,21982.0,poseidon,condorpool,poseidon-worker-2-container-0-3,merged_netcdf2png,/opt/netcdf2png/merged_netcdf2png,,0.1,0,0,,,,,,,,,
merged_netcdf2png_ID0000229,hdd_5,compute,0,1708021117.0,,,1708021122.0,1708021265.0,1708021585.0,1620277.8,1708021244.0,1708021760.0,1708021716.0,1708021750.0,640.0,1708021760.0,1708021765.0,5.0,,122.0,516.0,5.0,320.0,160656166.0,34.0,21732.0,poseidon,condorpool,poseidon-worker-1-container-4-7,merged_netcdf2png,/opt/netcdf2png/merged_netcdf2png,,0.2,0,0,,,,,,,,,
mrtV2_ID0000194,None,compute,0,1708021117.0,,,1708021122.0,1708021127.0,1708021582.0,452549.1,1708021124.0,1708021760.0,1708021597.0,1708021716.0,87.0,1708021760.0,1708021765.0,5.0,,2.0,636.0,5.0,455.0,160605089.0,119.0,10432.0,poseidon,condorpool,poseidon-worker-1-container-12-15,mrtV2,/opt/mrtV2/mrtV2,,0.1,0,0,,,,,,,,,
mrtV2_ID0000193,None,compute,0,1708021117.0,,,1708021122.0,1708021289.0,1708021641.0,464006.2,1708021128.0,1708021795.0,1708021722.0,1708021728.0,1451.0,1708021795.0,1708021800.0,5.0,,6.0,667.0,5.0,352.0,160605089.0,6.0,8682.0,poseidon,condorpool,poseidon-worker-2-container-4-7,mrtV2,/opt/mrtV2/mrtV2,,0.0,0,0,,,,,,,,,
mrtV2_ID0000196,None,compute,0,1708021117.0,,,1708021122.0,1708021289.0,1708021645.0,811665.8,1708021128.0,1708021795.0,1708021722.0,1708021728.0,1872.0,1708021795.0,1708021800.0,5.0,,6.0,667.0,5.0,356.0,160605089.0,6.0,10648.0,poseidon,condorpool,poseidon-worker-2-container-12-15,mrtV2,/opt/mrtV2/mrtV2,,0.1,0,0,,,,,,,,,
mrtV2_ID0000195,None,compute,0,1708021117.0,,,1708021122.0,1708021249.0,1708021748.0,388258.7,1708021127.0,1708021955.0,1708021757.0,1708021798.0,259.0,1708021955.0,1708021960.0,5.0,,5.0,828.0,5.0,499.0,160703084.0,41.0,10623.0,poseidon,condorpool,poseidon-worker-1-container-32-35,mrtV2,/opt/mrtV2/mrtV2,,0.1,0,0,,,,,,,,,
mrtV2_ID0000192,None,compute,0,1708021117.0,,,1708021122.0,1708021289.0,1708021641.0,464194.8,1708021156.0,1708021795.0,1708021722.0,1708021728.0,1468.0,1708021795.0,1708021800.0,5.0,,34.0,639.0,5.0,352.0,160605089.0,6.0,8796.0,poseidon,condorpool,poseidon-worker-2-container-16-19,mrtV2,/opt/mrtV2/mrtV2,,0.0,0,0,,,,,,,,,
mrtV2_ID0000191,None,compute,0,1708021117.0,,,1708021122.0,1708021289.0,1708021483.0,5682510.6,1708021189.0,1708021730.0,1708021641.0,1708021645.0,2919.0,1708021730.0,1708021735.0,5.0,,67.0,541.0,5.0,194.0,160605089.0,4.0,10616.0,poseidon,condorpool,poseidon-worker-2-container-32-35,mrtV2,/opt/mrtV2/mrtV2,,0.1,0,0,,,,,,,,,
mrtV2_ID0000220,None,compute,0,1708021117.0,,,1708021122.0,1708021130.0,1708021582.0,458540.5,1708021126.0,1708021760.0,1708021597.0,1708021716.0,70.0,1708021760.0,1708021765.0,5.0,,4.0,634.0,5.0,452.0,160605089.0,119.0,8433.0,poseidon,condorpool,poseidon-worker-1-container-16-19,mrtV2,/opt/mrtV2/mrtV2,,0.1,0,0,,,,,,,,,
mrtV2_ID0000221,None,compute,0,1708021117.0,,,1708021122.0,1708021289.0,1708021483.0,5557570.4,1708021156.0,1708021730.0,1708021641.0,1708021645.0,2537.0,1708021730.0,1708021735.0,5.0,,34.0,574.0,5.0,194.0,160605089.0,4.0,9174.0,poseidon,condorpool,poseidon-worker-2-container-24-27,mrtV2,/opt/mrtV2/mrtV2,,0.0,0,0,,,,,,,,,
merged_netcdf2png_ID0000224,None,compute,0,1708021117.0,,,1708021122.0,1708021127.0,1708021582.0,452205.6,1708021124.0,1708021760.0,1708021597.0,1708021716.0,184.0,1708021760.0,1708021765.0,5.0,,2.0,636.0,5.0,455.0,160656166.0,119.0,21988.0,poseidon,condorpool,poseidon-worker-1-container-28-31,merged_netcdf2png,/opt/netcdf2png/merged_netcdf2png,,0.1,0,0,,,,,,,,,
merged_netcdf2png_ID0000225,None,compute,0,1708021117.0,,,1708021122.0,1708021289.0,1708021480.0,657558.6,1708021156.0,1708021730.0,1708021641.0,1708021644.0,7500.0,1708021730.0,1708021735.0,5.0,,34.0,574.0,5.0,191.0,160656166.0,3.0,22002.0,poseidon,condorpool,poseidon-worker-2-container-20-23,merged_netcdf2png,/opt/netcdf2png/merged_netcdf2png,,0.1,0,0,,,,,,,,,
merged_netcdf2png_ID0000226,hdd_5,compute,0,1708021117.0,,,1708021122.0,1708021265.0,1708021597.0,492499.6,1708021244.0,1708021760.0,1708021716.0,1708021750.0,650.0,1708021760.0,1708021765.0,5.0,,122.0,516.0,5.0,332.0,160656166.0,34.0,22051.0,poseidon,condorpool,poseidon-worker-1-container-20-23,merged_netcdf2png,/opt/netcdf2png/merged_netcdf2png,,0.1,0,0,,,,,,,,,
merged_netcdf2png_ID0000366,None,compute,0,1708021117.0,,,1708021139.0,1708022810.0,1708022833.0,30732610.8,1708022807.0,1708023273.0,1708023034.0,1708023037.0,6956.0,1708023273.0,1708023278.0,22.0,,1668.0,466.0,5.0,23.0,160656166.0,3.0,22208.0,poseidon,condorpool,poseidon-worker-2-container-32-35,merged_netcdf2png,/opt/netcdf2png/merged_netcdf2png,,0.1,0,0,,,,,,,,,
merged_netcdf2png_ID0000237,None,compute,0,1708021117.0,,,1708021122.0,1708021289.0,1708021483.0,5678670.2,1708021128.0,1708021730.0,1708021641.0,1708021645.0,6020.0,1708021730.0,1708021735.0,5.0,,6.0,602.0,5.0,194.0,160656166.0,4.0,21821.0,poseidon,condorpool,poseidon-worker-2-container-24-27,merged_netcdf2png,/opt/netcdf2png/merged_netcdf2png,,0.1,0,0,,,,,,,,,
merged_netcdf2png_ID0000236,hdd_5,compute,0,1708021117.0,,,1708021122.0,1708021289.0,1708021483.0,948121.9,1708021156.0,1708021730.0,1708021641.0,1708021645.0,6035.0,1708021730.0,1708021735.0,5.0,,34.0,574.0,5.0,194.0,160656166.0,4.0,21731.0,poseidon,condorpool,poseidon-worker-2-container-44-47,merged_netcdf2png,/opt/netcdf2png/merged_netcdf2png,,0.1,0,0,,,,,,,,,
merged_netcdf2png_ID0000235,None,compute,0,1708021117.0,,,1708021122.0,1708021289.0,1708021483.0,5611844.6,1708021124.0,1708021730.0,1708021641.0,1708021644.0,7408.0,1708021730.0,1708021735.0,5.0,,2.0,606.0,5.0,194.0,160656166.0,3.0,21849.0,poseidon,condorpool,poseidon-worker-2-container-36-39,merged_netcdf2png,/opt/netcdf2png/merged_netcdf2png,,0.1,0,0,,,,,,,,,
mrtV2_ID0000199,None,compute,0,1708021117.0,,,1708021122.0,1708021127.0,1708021582.0,453056.3,1708021124.0,1708021760.0,1708021597.0,1708021716.0,78.0,1708021760.0,1708021765.0,5.0,,2.0,636.0,5.0,455.0,160605089.0,119.0,9309.0,poseidon,condorpool,poseidon-worker-1-container-8-11,mrtV2,/opt/mrtV2/mrtV2,,0.1,0,0,,,,,,,,,
merged_netcdf2png_ID0000177,None,compute,0,1708021117.0,,,1708021134.0,1708022549.0,1708022810.0,3190587.6,1708022474.0,1708022832.0,1708022815.0,1708022820.0,4688.0,1708022832.0,1708022837.0,17.0,,1340.0,358.0,5.0,261.0,160656166.0,5.0,21401.0,poseidon,condorpool,poseidon-worker-2-container-16-19,merged_netcdf2png,/opt/netcdf2png/merged_netcdf2png,,0.1,0,0,,,,,,,,,
merged_netcdf2png_ID0000178,None,compute,0,1708021117.0,,,1708021134.0,1708022523.0,1708022600.0,5511958.8,1708022472.0,1708022817.0,1708022807.0,1708022810.0,7006.0,1708022817.0,1708022822.0,17.0,,1338.0,345.0,5.0,77.0,160656166.0,3.0,21751.0,poseidon,condorpool,poseidon-worker-2-container-36-39,merged_netcdf2png,/opt/netcdf2png/merged_netcdf2png,,0.1,0,0,,,,,,,,,
merged_netcdf2png_ID0000179,None,compute,0,1708021117.0,,,1708021134.0,1708022440.0,1708022475.0,31506955.2,1708022438.0,1708022812.0,1708022550.0,1708022598.0,452.0,1708022812.0,1708022817.0,17.0,,1304.0,374.0,5.0,35.0,160656166.0,48.0,21672.0,poseidon,condorpool,poseidon-worker-2-container-20-23,merged_netcdf2png,/opt/netcdf2png/merged_netcdf2png,,0.1,0,0,,,,,,,,,
mrtV2_ID0000130,None,compute,0,1708021117.0,,,1708021134.0,1708022571.0,1708022641.0,27354164.0,1708022405.0,1708022937.0,1708022763.0,1708022860.0,108.0,1708022937.0,1708022942.0,17.0,,1271.0,532.0,5.0,70.0,160605089.0,97.0,10424.0,poseidon,condorpool,poseidon-worker-1-container-40-43,mrtV2,/opt/mrtV2/mrtV2,,0.1,0,0,,,,,,,,,
merged_netcdf2png_ID0000161,None,compute,0,1708021117.0,,,1708021134.0,1708022571.0,1708022641.0,22525742.0,1708022405.0,1708022937.0,1708022763.0,1708022860.0,227.0,1708022937.0,1708022942.0,17.0,,1271.0,532.0,5.0,70.0,160656166.0,97.0,21903.0,poseidon,condorpool,poseidon-worker-1-container-36-39,merged_netcdf2png,/opt/netcdf2png/merged_netcdf2png,,0.1,0,0,,,,,,,,,
merged_netcdf2png_ID0000162,None,compute,0,1708021117.0,,,1708021134.0,1708022571.0,1708022641.0,27264528.0,1708022405.0,1708022937.0,1708022763.0,1708022860.0,227.0,1708022937.0,1708022942.0,17.0,,1271.0,532.0,5.0,70.0,160656166.0,97.0,21900.0,poseidon,condorpool,poseidon-worker-1-container-40-43,merged_netcdf2png,/opt/netcdf2png/merged_netcdf2png,,0.1,0,0,,,,,,,,,
merged_netcdf2png_ID0000163,None,compute,0,1708021117.0,,,1708021134.0,1708022571.0,1708022720.0,1356172.0,1708022405.0,1708022937.0,1708022780.0,1708022860.0,271.0,1708022937.0,1708022942.0,17.0,,1271.0,532.0,5.0,149.0,160656166.0,80.0,21891.0,poseidon,condorpool,poseidon-worker-1-container-36-39,merged_netcdf2png,/opt/netcdf2png/merged_netcdf2png,,0.1,0,0,,,,,,,,,
merged_netcdf2png_ID0000164,None,compute,0,1708021117.0,,,1708021134.0,1708022571.0,1708022641.0,26868328.0,1708022405.0,1708022937.0,1708022763.0,1708022860.0,225.0,1708022937.0,1708022942.0,17.0,,1271.0,532.0,5.0,70.0,160656166.0,97.0,21707.0,poseidon,condorpool,poseidon-worker-1-container-24-27,merged_netcdf2png,/opt/netcdf2png/merged_netcdf2png,,0.1,0,0,,,,,,,,,
merged_netcdf2png_ID0000160,None,compute,0,1708021117.0,,,1708021134.0,1708022571.0,1708022637.0,4062685.5,1708022405.0,1708022937.0,1708022763.0,1708022860.0,227.0,1708022937.0,1708022942.0,17.0,,1271.0,532.0,5.0,66.0,160656166.0,97.0,21898.0,poseidon,condorpool,poseidon-worker-1-container-36-39,merged_netcdf2png,/opt/netcdf2png/merged_netcdf2png,,0.1,0,0,0.0,393737.0,0.0,616.0,0.0,0.0,0.1,5624.8,
merged_netcdf2png_ID0000176,None,compute,0,1708021117.0,,,1708021134.0,1708022523.0,1708022600.0,5516842.9,1708022473.0,1708022817.0,1708022807.0,1708022810.0,7069.0,1708022817.0,1708022822.0,17.0,,1339.0,344.0,5.0,77.0,160656166.0,3.0,21783.0,poseidon,condorpool,poseidon-worker-2-container-36-39,merged_netcdf2png,/opt/netcdf2png/merged_netcdf2png,,0.1,0,0,,,,,,,,,
merged_netcdf2png_ID0000169,None,compute,0,1708021117.0,,,1708021134.0,1708022571.0,1708022641.0,21806283.0,1708022405.0,1708022937.0,1708022763.0,1708022860.0,227.0,1708022937.0,1708022942.0,17.0,,1271.0,532.0,5.0,70.0,160656166.0,97.0,21932.0,poseidon,condorpool,poseidon-worker-1-container-24-27,merged_netcdf2png,/opt/netcdf2png/merged_netcdf2png,,0.1,0,0,,,,,,,,,
mrtV2_ID0000129,None,compute,0,1708021117.0,,,1708021133.0,1708022571.0,1708022641.0,28171191.0,1708022405.0,1708022937.0,1708022763.0,1708022860.0,125.0,1708022937.0,1708022942.0,16.0,,1272.0,532.0,5.0,70.0,160605089.0,97.0,12035.0,poseidon,condorpool,poseidon-worker-1-container-40-43,mrtV2,/opt/mrtV2/mrtV2,,0.1,0,0,,,,,,,,,
merged_netcdf2png_ID0000166,None,compute,0,1708021117.0,,,1708021133.0,1708022571.0,1708022637.0,4872393.2,1708022404.0,1708022937.0,1708022763.0,1708022860.0,224.0,1708022937.0,1708022942.0,16.0,,1271.0,533.0,5.0,66.0,160656166.0,97.0,21614.0,poseidon,condorpool,poseidon-worker-1-container-36-39,merged_netcdf2png,/opt/netcdf2png/merged_netcdf2png,,0.1,0,0,0.0,393737.0,0.0,616.0,0.0,0.0,0.1,5624.8,
mrtV2_ID0000128,None,compute,0,1708021117.0,,,1708021133.0,1708022571.0,1708022637.0,4469768.0,1708022404.0,1708022937.0,1708022763.0,1708022860.0,124.0,1708022937.0,1708022942.0,16.0,,1271.0,533.0,5.0,66.0,160605089.0,97.0,11998.0,poseidon,condorpool,poseidon-worker-1-container-40-43,mrtV2,/opt/mrtV2/mrtV2,,0.1,0,0,0.0,485425.0,0.0,605.0,0.0,0.0,0.0,6934.6,
merged_netcdf2png_ID0000167,None,compute,0,1708021117.0,,,1708021133.0,1708022570.0,1708022637.0,3639725.7,1708022404.0,1708022937.0,1708022763.0,1708022860.0,226.0,1708022937.0,1708022942.0,16.0,,1271.0,533.0,5.0,67.0,160656166.0,97.0,21798.0,poseidon,condorpool,poseidon-worker-1-container-24-27,merged_netcdf2png,/opt/netcdf2png/merged_netcdf2png,,0.1,0,0,0.0,380012.0,0.0,586.0,0.0,0.0,0.1,5428.7,
merged_netcdf2png_ID0000168,None,compute,0,1708021117.0,,,1708021133.0,1708022464.0,1708022637.0,1187903.3,1708022403.0,1708022862.0,1708022763.0,1708022815.0,419.0,1708022862.0,1708022867.0,16.0,,1270.0,459.0,5.0,173.0,160656166.0,52.0,21737.0,poseidon,condorpool,poseidon-worker-1-container-28-31,merged_netcdf2png,/opt/netcdf2png/merged_netcdf2png,,0.1,0,0,0.0,351059.0,0.0,523.0,0.0,0.0,0.1,5015.1,
merged_netcdf2png_ID0000239,hdd_5,compute,0,1708021117.0,,,1708021122.0,1708021260.0,1708021585.0,1537198.1,1708021127.0,1708021760.0,1708021664.0,1708021718.0,407.0,1708021760.0,1708021765.0,5.0,,5.0,633.0,5.0,325.0,160656166.0,54.0,21718.0,poseidon,condorpool,poseidon-worker-1-container-0-3,merged_netcdf2png,/opt/netcdf2png/merged_netcdf2png,,0.1,0,0,,,,,,,,,
merged_netcdf2png_ID0000230,None,compute,0,1708021117.0,,,1708021122.0,1708021126.0,1708021582.0,453243.8,1708021124.0,1708021760.0,1708021597.0,1708021716.0,185.0,1708021760.0,1708021765.0,5.0,,2.0,636.0,5.0,456.0,160656166.0,119.0,22085.0,poseidon,condorpool,poseidon-worker-1-container-28-31,merged_netcdf2png,/opt/netcdf2png/merged_netcdf2png,,0.1,0,0,,,,,,,,,
mrtV2_ID0000198,None,compute,0,1708021117.0,,,1708021122.0,1708021265.0,1708021664.0,417134.2,1708021244.0,1708021760.0,1708021717.0,1708021750.0,311.0,1708021760.0,1708021765.0,5.0,,122.0,516.0,5.0,399.0,160605089.0,33.0,10529.0,poseidon,condorpool,poseidon-worker-1-container-36-39,mrtV2,/opt/mrtV2/mrtV2,,0.0,0,0,,,,,,,,,
mrtV2_ID0000197,None,compute,0,1708021117.0,,,1708021122.0,1708021289.0,1708021483.0,944292.5,1708021124.0,1708021730.0,1708021641.0,1708021645.0,2868.0,1708021730.0,1708021735.0,5.0,,2.0,606.0,5.0,194.0,160605089.0,4.0,10335.0,poseidon,condorpool,poseidon-worker-2-container-12-15,mrtV2,/opt/mrtV2/mrtV2,,0.1,0,0,,,,,,,,,
merged_netcdf2png_ID0000165,None,compute,0,1708021117.0,,,1708021133.0,1708022486.0,1708022641.0,1851997.1,1708022403.0,1708022862.0,1708022763.0,1708022815.0,425.0,1708022862.0,1708022867.0,16.0,,1270.0,459.0,5.0,155.0,160656166.0,52.0,22035.0,poseidon,condorpool,poseidon-worker-1-container-28-31,merged_netcdf2png,/opt/netcdf2png/merged_netcdf2png,,0.1,0,0,,,,,,,,,
mrtV2_ID0000328,None,compute,0,1708021117.0,,,1708021139.0,1708022809.0,1708022833.0,28054270.5,1708022807.0,1708023273.0,1708023034.0,1708023037.0,3306.0,1708023273.0,1708023278.0,22.0,,1668.0,466.0,5.0,24.0,160605089.0,3.0,10898.0,poseidon,condorpool,poseidon-worker-2-container-40-43,mrtV2,/opt/mrtV2/mrtV2,,0.1,0,0,,,,,,,,,
mrtV2_ID0000325,hdd_5,compute,0,1708021117.0,,,1708021139.0,1708022832.0,1708023274.0,786089.4,1708022816.0,1708023304.0,1708023292.0,1708023296.0,2853.0,1708023304.0,1708023309.0,22.0,,1677.0,488.0,5.0,442.0,160605089.0,4.0,10710.0,poseidon,condorpool,poseidon-worker-2-container-44-47,mrtV2,/opt/mrtV2/mrtV2,,0.0,0,0,,,,,,,,,
merged_netcdf2png_ID0000037,None,compute,0,1708021117.0,,,1708021128.0,1708022229.0,1708022369.0,6615879.9,1708022031.0,1708022571.0,1708022401.0,1708022404.0,6603.0,1708022571.0,1708022576.0,11.0,,903.0,540.0,5.0,140.0,160656166.0,3.0,22029.0,poseidon,condorpool,poseidon-worker-1-container-32-35,merged_netcdf2png,/opt/netcdf2png/merged_netcdf2png,,0.1,0,0,,,,,,,,,
merged_netcdf2png_ID0000121,None,compute,0,1708021117.0,,,1708021122.0,1708021289.0,1708021641.0,464027.1,1708021156.0,1708021795.0,1708021722.0,1708021728.0,3580.0,1708021795.0,1708021800.0,5.0,,34.0,639.0,5.0,352.0,160656166.0,6.0,21444.0,poseidon,condorpool,poseidon-worker-2-container-16-19,merged_netcdf2png,/opt/netcdf2png/merged_netcdf2png,,0.1,0,0,,,,,,,,,
merged_netcdf2png_ID0000122,None,compute,0,1708021117.0,,,1708021122.0,1708021127.0,1708021748.0,308966.7,1708021125.0,1708021955.0,1708021757.0,1708021798.0,525.0,1708021955.0,1708021960.0,5.0,,3.0,830.0,5.0,621.0,160755681.0,41.0,21394.0,poseidon,condorpool,poseidon-worker-1-container-16-19,merged_netcdf2png,/opt/netcdf2png/merged_netcdf2png,,0.1,0,0,,,,,,,,,
merged_netcdf2png_ID0000123,None,compute,0,1708021117.0,,,1708021122.0,1708021289.0,1708021483.0,945942.9,1708021156.0,1708021730.0,1708021641.0,1708021645.0,5940.0,1708021730.0,1708021735.0,5.0,,34.0,574.0,5.0,194.0,160656166.0,4.0,21371.0,poseidon,condorpool,poseidon-worker-2-container-32-35,merged_netcdf2png,/opt/netcdf2png/merged_netcdf2png,,0.1,0,0,,,,,,,,,
merged_netcdf2png_ID0000124,None,compute,0,1708021117.0,,,1708021122.0,1708021289.0,1708021483.0,5713269.9,1708021128.0,1708021730.0,1708021641.0,1708021645.0,5938.0,1708021730.0,1708021735.0,5.0,,6.0,602.0,5.0,194.0,160656166.0,4.0,21350.0,poseidon,condorpool,poseidon-worker-2-container-20-23,merged_netcdf2png,/opt/netcdf2png/merged_netcdf2png,,0.1,0,0,,,,,,,,,
mrtV2_ID0000282,None,compute,0,1708021117.0,,,1708021133.0,1708022439.0,1708022475.0,28162874.0,1708022437.0,1708022812.0,1708022550.0,1708022598.0,199.0,1708022812.0,1708022817.0,16.0,,1304.0,375.0,5.0,36.0,160605089.0,48.0,9563.0,poseidon,condorpool,poseidon-worker-2-container-20-23,mrtV2,/opt/mrtV2/mrtV2,,0.0,0,0,,,,,,,,,
mrtV2_ID0000281,hdd_5,compute,0,1708021117.0,,,1708021133.0,1708022570.0,1708022637.0,4757798.3,1708022404.0,1708022937.0,1708022763.0,1708022860.0,96.0,1708022937.0,1708022942.0,16.0,,1271.0,533.0,5.0,67.0,160605089.0,97.0,9347.0,poseidon,condorpool,poseidon-worker-1-container-4-7,mrtV2,/opt/mrtV2/mrtV2,,0.1,0,0,0.0,460449.0,0.0,551.0,0.0,0.0,0.1,6577.8,
mrtV2_ID0000284,None,compute,0,1708021117.0,,,1708021133.0,1708022464.0,1708022641.0,1474975.2,1708022403.0,1708022932.0,1708022763.0,1708022860.0,92.0,1708022932.0,1708022937.0,16.0,,1270.0,529.0,5.0,177.0,160605089.0,97.0,8878.0,poseidon,condorpool,poseidon-worker-1-container-12-15,mrtV2,/opt/mrtV2/mrtV2,,0.1,0,0,,,,,,,,,
mrtV2_ID0000283,None,compute,0,1708021117.0,,,1708021133.0,1708022464.0,1708022637.0,1188321.6,1708022403.0,1708022937.0,1708022763.0,1708022860.0,98.0,1708022937.0,1708022942.0,16.0,,1270.0,534.0,5.0,173.0,160605089.0,97.0,9459.0,poseidon,condorpool,poseidon-worker-1-container-32-35,mrtV2,/opt/mrtV2/mrtV2,,0.1,0,0,0.0,457757.0,0.0,545.0,0.0,0.0,0.1,6539.4,
mrtV2_ID0000280,None,compute,0,1708021117.0,,,1708021133.0,1708022464.0,1708022637.0,1188056.5,1708022403.0,1708023008.0,1708022720.0,1708022935.0,95.0,1708023008.0,1708023013.0,16.0,,1270.0,605.0,5.0,173.0,160605089.0,215.0,20388.0,poseidon,condorpool,poseidon-worker-1-container-16-19,mrtV2,/opt/mrtV2/mrtV2,,0.1,0,0,,,,,,,,,
mrtV2_ID0000279,hdd_5,compute,0,1708021117.0,,,1708021133.0,1708022464.0,1708022637.0,1188397.1,1708022403.0,1708022937.0,1708022763.0,1708022860.0,94.0,1708022937.0,1708022942.0,16.0,,1270.0,534.0,5.0,173.0,160605089.0,97.0,9167.0,poseidon,condorpool,poseidon-worker-1-container-0-3,mrtV2,/opt/mrtV2/mrtV2,,0.1,0,0,,,,,,,,,
mrtV2_ID0000278,hdd_5,compute,0,1708021117.0,,,1708021133.0,1708022570.0,1708022637.0,3631150.1,1708022404.0,1708022937.0,1708022780.0,1708022860.0,105.0,1708022937.0,1708022942.0,16.0,,1271.0,533.0,5.0,67.0,160605089.0,80.0,8526.0,poseidon,condorpool,poseidon-worker-1-container-20-23,mrtV2,/opt/mrtV2/mrtV2,,0.1,0,0,,,,,,,,,
mrtV2_ID0000275,None,compute,0,1708021117.0,,,1708021133.0,1708022461.0,1708022572.0,5249682.1,1708022403.0,1708022722.0,1708022637.0,1708022642.0,2293.0,1708022722.0,1708022727.0,16.0,,1270.0,319.0,5.0,111.0,160605089.0,5.0,9839.0,poseidon,condorpool,poseidon-worker-1-container-8-11,mrtV2,/opt/mrtV2/mrtV2,,0.1,0,0,,,,,,,,,
mrtV2_ID0000274,None,compute,0,1708021117.0,,,1708021133.0,1708022464.0,1708022641.0,1473265.6,1708022403.0,1708023058.0,1708022763.0,1708023004.0,79.0,1708023058.0,1708023063.0,16.0,,1270.0,655.0,5.0,177.0,160605089.0,241.0,19094.0,poseidon,condorpool,poseidon-worker-1-container-44-47,mrtV2,/opt/mrtV2/mrtV2,,0.1,0,0,,,,,,,,,
mrtV2_ID0000277,None,compute,0,1708021117.0,,,1708021133.0,1708022439.0,1708022474.0,31455742.8,1708022437.0,1708022812.0,1708022550.0,1708022598.0,204.0,1708022812.0,1708022817.0,16.0,,1304.0,375.0,5.0,35.0,160605089.0,48.0,9823.0,poseidon,condorpool,poseidon-worker-2-container-0-3,mrtV2,/opt/mrtV2/mrtV2,,0.1,0,0,,,,,,,,,
mrtV2_ID0000276,None,compute,0,1708021117.0,,,1708021133.0,1708022439.0,1708022475.0,27430818.5,1708022437.0,1708022812.0,1708022550.0,1708022598.0,194.0,1708022812.0,1708022817.0,16.0,,1304.0,375.0,5.0,36.0,160605089.0,48.0,9313.0,poseidon,condorpool,poseidon-worker-2-container-8-11,mrtV2,/opt/mrtV2/mrtV2,,0.1,0,0,,,,,,,,,
merged_netcdf2png_ID0000312,hdd_5,compute,0,1708021117.0,,,1708021133.0,1708022368.0,1708022472.0,1650384.1,1708022366.0,1708022601.0,1708022550.0,1708022553.0,5736.0,1708022601.0,1708022606.0,16.0,,1233.0,235.0,5.0,104.0,160656166.0,3.0,21735.0,poseidon,condorpool,poseidon-worker-2-container-28-31,merged_netcdf2png,/opt/netcdf2png/merged_netcdf2png,,0.1,0,0,,,,,,,,,
merged_netcdf2png_ID0000313,None,compute,0,1708021117.0,,,1708021133.0,1708022368.0,1708022472.0,1637944.6,1708022366.0,1708022817.0,1708022550.0,1708022807.0,168.0,1708022817.0,1708022822.0,16.0,,1233.0,451.0,5.0,104.0,160656166.0,257.0,43342.0,poseidon,condorpool,poseidon-worker-2-container-20-23,merged_netcdf2png,/opt/netcdf2png/merged_netcdf2png,,0.1,0,0,,,,,,,,,
merged_netcdf2png_ID0000314,None,compute,0,1708021117.0,,,1708021133.0,1708022369.0,1708022472.0,1646033.2,1708022366.0,1708022817.0,1708022550.0,1708022807.0,170.0,1708022817.0,1708022822.0,16.0,,1233.0,451.0,5.0,103.0,160656166.0,257.0,43892.0,poseidon,condorpool,poseidon-worker-2-container-40-43,merged_netcdf2png,/opt/netcdf2png/merged_netcdf2png,,0.1,0,0,,,,,,,,,
merged_netcdf2png_ID0000315,None,compute,0,1708021117.0,,,1708021133.0,1708022327.0,1708022440.0,3780005.4,1708022325.0,1708022817.0,1708022472.0,1708022807.0,130.0,1708022817.0,1708022822.0,16.0,,1192.0,492.0,5.0,113.0,160656166.0,335.0,43818.0,poseidon,condorpool,poseidon-worker-2-container-16-19,merged_netcdf2png,/opt/netcdf2png/merged_netcdf2png,,0.2,0,0,,,,,,,,,
merged_netcdf2png_ID0000126,None,compute,0,1708021117.0,,,1708021122.0,1708021287.0,1708021480.0,807118.6,1708021124.0,1708021730.0,1708021641.0,1708021645.0,5994.0,1708021730.0,1708021735.0,5.0,,2.0,606.0,5.0,193.0,160656166.0,4.0,21517.0,poseidon,condorpool,poseidon-worker-2-container-4-7,merged_netcdf2png,/opt/netcdf2png/merged_netcdf2png,,0.1,0,0,,,,,,,,,
merged_netcdf2png_ID0000125,None,compute,0,1708021117.0,,,1708021122.0,1708021130.0,1708021748.0,311403.7,1708021126.0,1708021955.0,1708021757.0,1708021798.0,531.0,1708021955.0,1708021960.0,5.0,,4.0,829.0,5.0,618.0,160754193.0,41.0,21641.0,poseidon,condorpool,poseidon-worker-1-container-32-35,merged_netcdf2png,/opt/netcdf2png/merged_netcdf2png,,0.1,0,0,,,,,,,,,
mrtV2_ID0000089,None,compute,0,1708021117.0,,,1708021122.0,1708021126.0,1708021748.0,308438.9,1708021124.0,1708021955.0,1708021757.0,1708021798.0,222.0,1708021955.0,1708021960.0,5.0,,2.0,831.0,5.0,622.0,160743980.0,41.0,9071.0,poseidon,condorpool,poseidon-worker-1-container-12-15,mrtV2,/opt/mrtV2/mrtV2,,0.1,0,0,,,,,,,,,
mrtV2_ID0000087,hdd_5,compute,0,1708021117.0,,,1708021122.0,1708021265.0,1708021585.0,1613472.3,1708021244.0,1708021760.0,1708021664.0,1708021718.0,193.0,1708021760.0,1708021765.0,5.0,,122.0,516.0,5.0,320.0,160605089.0,54.0,10299.0,poseidon,condorpool,poseidon-worker-1-container-20-23,mrtV2,/opt/mrtV2/mrtV2,,0.1,0,0,,,,,,,,,
mrtV2_ID0000067,None,compute,0,1708021117.0,,,1708021122.0,1708021289.0,1708021488.0,829737.6,1708021156.0,1708021730.0,1708021642.0,1708021646.0,3731.0,1708021730.0,1708021735.0,5.0,,34.0,574.0,5.0,199.0,160605089.0,4.0,12000.0,poseidon,condorpool,poseidon-worker-2-container-12-15,mrtV2,/opt/mrtV2/mrtV2,,0.1,0,0,,,,,,,,,
merged_netcdf2png_ID0000103,None,compute,0,1708021117.0,,,1708021122.0,1708021289.0,1708021483.0,944879.3,1708021128.0,1708021730.0,1708021641.0,1708021644.0,7466.0,1708021730.0,1708021735.0,5.0,,6.0,602.0,5.0,194.0,160656166.0,3.0,21935.0,poseidon,condorpool,poseidon-worker-2-container-32-35,merged_netcdf2png,/opt/netcdf2png/merged_netcdf2png,,0.1,0,0,,,,,,,,,
merged_netcdf2png_ID0000104,None,compute,0,1708021117.0,,,1708021122.0,1708021126.0,1708021748.0,307584.6,1708021124.0,1708021955.0,1708021757.0,1708021798.0,531.0,1708021955.0,1708021960.0,5.0,,2.0,831.0,5.0,622.0,160754209.0,41.0,21660.0,poseidon,condorpool,poseidon-worker-1-container-16-19,merged_netcdf2png,/opt/netcdf2png/merged_netcdf2png,,0.1,0,0,,,,,,,,,
merged_netcdf2png_ID0000105,None,compute,0,1708021117.0,,,1708021122.0,1708021289.0,1708021483.0,5589171.3,1708021156.0,1708021730.0,1708021641.0,1708021644.0,7372.0,1708021730.0,1708021735.0,5.0,,34.0,574.0,5.0,194.0,160656166.0,3.0,21757.0,poseidon,condorpool,poseidon-worker-2-container-24-27,merged_netcdf2png,/opt/netcdf2png/merged_netcdf2png,,0.1,0,0,,,,,,,,,
merged_netcdf2png_ID0000106,hdd_5,compute,0,1708021117.0,,,1708021122.0,1708021127.0,1708021752.0,307451.0,1708021125.0,1708021955.0,1708021757.0,1708021798.0,541.0,1708021955.0,1708021960.0,5.0,,3.0,830.0,5.0,625.0,160754033.0,41.0,21839.0,poseidon,condorpool,poseidon-worker-1-container-20-23,merged_netcdf2png,/opt/netcdf2png/merged_netcdf2png,,0.1,0,0,,,,,,,,,
merged_netcdf2png_ID0000100,None,compute,0,1708021117.0,,,1708021122.0,1708021130.0,1708021748.0,311241.7,1708021125.0,1708021955.0,1708021757.0,1708021798.0,530.0,1708021955.0,1708021960.0,5.0,,3.0,830.0,5.0,618.0,160759777.0,41.0,21600.0,poseidon,condorpool,poseidon-worker-1-container-28-31,merged_netcdf2png,/opt/netcdf2png/merged_netcdf2png,,0.1,0,0,,,,,,,,,
merged_netcdf2png_ID0000101,None,compute,0,1708021117.0,,,1708021122.0,1708021265.0,1708021664.0,415687.3,1708021244.0,1708021760.0,1708021717.0,1708021750.0,652.0,1708021760.0,1708021765.0,5.0,,122.0,516.0,5.0,399.0,160656166.0,33.0,22007.0,poseidon,condorpool,poseidon-worker-1-container-36-39,merged_netcdf2png,/opt/netcdf2png/merged_netcdf2png,,0.1,0,0,,,,,,,,,
merged_netcdf2png_ID0000102,None,compute,0,1708021117.0,,,1708021122.0,1708021289.0,1708021483.0,5636265.9,1708021128.0,1708021840.0,1708021641.0,1708021792.0,287.0,1708021840.0,1708021845.0,5.0,,6.0,712.0,5.0,194.0,160656166.0,151.0,43256.0,poseidon,condorpool,poseidon-worker-2-container-20-23,merged_netcdf2png,/opt/netcdf2png/merged_netcdf2png,,0.1,0,0,,,,,,,,,
merged_netcdf2png_ID0000096,hdd_5,compute,0,1708021117.0,,,1708021122.0,1708021126.0,1708021748.0,308173.2,1708021124.0,1708021955.0,1708021757.0,1708021798.0,535.0,1708021955.0,1708021960.0,5.0,,2.0,831.0,5.0,622.0,160754033.0,41.0,21828.0,poseidon,condorpool,poseidon-worker-1-container-0-3,merged_netcdf2png,/opt/netcdf2png/merged_netcdf2png,,0.1,0,0,,,,,,,,,
merged_netcdf2png_ID0000310,hdd_5,compute,0,1708021117.0,,,1708021133.0,1708022326.0,1708022440.0,3704665.3,1708022324.0,1708022551.0,1708022472.0,1708022524.0,419.0,1708022551.0,1708022556.0,16.0,,1191.0,227.0,5.0,114.0,160656166.0,52.0,21763.0,poseidon,condorpool,poseidon-worker-2-container-44-47,merged_netcdf2png,/opt/netcdf2png/merged_netcdf2png,,0.1,0,0,,,,,,,,,
merged_netcdf2png_ID0000097,None,compute,0,1708021117.0,,,1708021122.0,1708021211.0,1708021260.0,6584622.0,1708021126.0,1708021589.0,1708021361.0,1708021582.0,98.0,1708021589.0,1708021594.0,5.0,,4.0,463.0,5.0,49.0,160656166.0,221.0,21729.0,poseidon,condorpool,poseidon-worker-1-container-8-11,merged_netcdf2png,/opt/netcdf2png/merged_netcdf2png,,0.1,0,0,0.0,341556.0,0.0,517.0,0.0,0.0,0.1,3795.1,
merged_netcdf2png_ID0000099,hdd_5,compute,0,1708021117.0,,,1708021122.0,1708021289.0,1708021645.0,822234.3,1708021164.0,1708021795.0,1708021722.0,1708021726.0,5412.0,1708021795.0,1708021800.0,5.0,,42.0,631.0,5.0,356.0,160656166.0,4.0,21765.0,poseidon,condorpool,poseidon-worker-2-container-44-47,merged_netcdf2png,/opt/netcdf2png/merged_netcdf2png,,0.1,0,0,,,,,,,,,
mrtV2_ID0000095,hdd_5,compute,0,1708021117.0,,,1708021122.0,1708021289.0,1708021483.0,5659757.6,1708021124.0,1708021730.0,1708021641.0,1708021644.0,2604.0,1708021730.0,1708021735.0,5.0,,2.0,606.0,5.0,194.0,160605089.0,3.0,7664.0,poseidon,condorpool,poseidon-worker-2-container-28-31,mrtV2,/opt/mrtV2/mrtV2,,0.1,0,0,,,,,,,,,
mrtV2_ID0000094,None,compute,0,1708021117.0,,,1708021122.0,1708021265.0,1708021597.0,491903.6,1708021244.0,1708021760.0,1708021716.0,1708021750.0,300.0,1708021760.0,1708021765.0,5.0,,122.0,516.0,5.0,332.0,160605089.0,34.0,10197.0,poseidon,condorpool,poseidon-worker-1-container-24-27,mrtV2,/opt/mrtV2/mrtV2,,0.1,0,0,,,,,,,,,
mrtV2_ID0000091,None,compute,0,1708021117.0,,,1708021122.0,1708021265.0,1708021585.0,1618623.3,1708021244.0,1708021760.0,1708021664.0,1708021718.0,163.0,1708021760.0,1708021765.0,5.0,,122.0,516.0,5.0,320.0,160605089.0,54.0,8675.0,poseidon,condorpool,poseidon-worker-1-container-40-43,mrtV2,/opt/mrtV2/mrtV2,,0.1,0,0,,,,,,,,,
mrtV2_ID0000090,None,compute,0,1708021117.0,,,1708021122.0,1708021265.0,1708021585.0,1617771.1,1708021244.0,1708021760.0,1708021664.0,1708021718.0,153.0,1708021760.0,1708021765.0,5.0,,122.0,516.0,5.0,320.0,160605089.0,54.0,8154.0,poseidon,condorpool,poseidon-worker-1-container-44-47,mrtV2,/opt/mrtV2/mrtV2,,0.1,0,0,,,,,,,,,
mrtV2_ID0000032,hdd_5,compute,0,1708021117.0,,,1708021128.0,1708022229.0,1708022369.0,6586285.8,1708022031.0,1708022571.0,1708022401.0,1708022405.0,2199.0,1708022571.0,1708022576.0,11.0,,903.0,540.0,5.0,140.0,160605089.0,4.0,7490.0,poseidon,condorpool,poseidon-worker-1-container-20-23,mrtV2,/opt/mrtV2/mrtV2,,0.1,0,0,,,,,,,,,
mrtV2_ID0000092,None,compute,0,1708021117.0,,,1708021122.0,1708021289.0,1708021483.0,946175.7,1708021128.0,1708021730.0,1708021641.0,1708021645.0,2768.0,1708021730.0,1708021735.0,5.0,,6.0,602.0,5.0,194.0,160605089.0,4.0,9998.0,poseidon,condorpool,poseidon-worker-2-container-40-43,mrtV2,/opt/mrtV2/mrtV2,,0.0,0,0,,,,,,,,,
merged_netcdf2png_ID0000120,None,compute,0,1708021117.0,,,1708021122.0,1708021289.0,1708021641.0,463734.2,1708021156.0,1708021795.0,1708021722.0,1708021728.0,3550.0,1708021795.0,1708021800.0,5.0,,34.0,639.0,5.0,352.0,160656166.0,6.0,21317.0,poseidon,condorpool,poseidon-worker-2-container-8-11,merged_netcdf2png,/opt/netcdf2png/merged_netcdf2png,,0.1,0,0,,,,,,,,,
mrtV2_ID0000088,hdd_5,compute,0,1708021117.0,,,1708021122.0,1708021265.0,1708021585.0,1615678.9,1708021244.0,1708021750.0,1708021664.0,1708021718.0,180.0,1708021750.0,1708021755.0,5.0,,122.0,506.0,5.0,320.0,160605089.0,54.0,9612.0,poseidon,condorpool,poseidon-worker-1-container-4-7,mrtV2,/opt/mrtV2/mrtV2,,0.1,0,0,,,,,,,,,
merged_netcdf2png_ID0000098,None,compute,0,1708021117.0,,,1708021122.0,1708021288.0,1708021480.0,828986.5,1708021124.0,1708021730.0,1708021641.0,1708021645.0,6030.0,1708021730.0,1708021735.0,5.0,,2.0,606.0,5.0,192.0,160656166.0,4.0,21715.0,poseidon,condorpool,poseidon-worker-2-container-36-39,merged_netcdf2png,/opt/netcdf2png/merged_netcdf2png,,0.1,0,0,,,,,,,,,
mrtV2_ID0000068,None,compute,0,1708021117.0,,,1708021122.0,1708021289.0,1708021645.0,817330.3,1708021156.0,1708022080.0,1708021722.0,1708021900.0,133.0,1708022080.0,1708022085.0,5.0,,34.0,924.0,5.0,356.0,160605089.0,178.0,23808.0,poseidon,condorpool,poseidon-worker-2-container-16-19,mrtV2,/opt/mrtV2/mrtV2,,0.1,0,0,,,,,,,,,
merged_netcdf2png_ID0000311,None,compute,0,1708021117.0,,,1708021133.0,1708022325.0,1708022439.0,3749994.1,1708022322.0,1708022601.0,1708022472.0,1708022524.0,421.0,1708022601.0,1708022606.0,16.0,,1189.0,279.0,5.0,114.0,160656166.0,52.0,21698.0,poseidon,condorpool,poseidon-worker-2-container-0-3,merged_netcdf2png,/opt/netcdf2png/merged_netcdf2png,,0.1,0,0,,,,,,,,,
merged_netcdf2png_ID0000305,None,compute,0,1708021117.0,,,1708021133.0,1708022368.0,1708022472.0,1635469.9,1708022365.0,1708022812.0,1708022550.0,1708022598.0,453.0,1708022812.0,1708022817.0,16.0,,1232.0,447.0,5.0,104.0,160656166.0,48.0,21742.0,poseidon,condorpool,poseidon-worker-2-container-40-43,merged_netcdf2png,/opt/netcdf2png/merged_netcdf2png,,0.1,0,0,,,,,,,,,
merged_netcdf2png_ID0000294,hdd_5,compute,0,1708021117.0,,,1708021133.0,1708022251.0,1708022403.0,1350497.1,1708022248.0,1708022862.0,1708022490.0,1708022780.0,152.0,1708022862.0,1708022867.0,16.0,,1115.0,614.0,5.0,152.0,160656166.0,290.0,44238.0,poseidon,condorpool,poseidon-worker-1-container-0-3,merged_netcdf2png,/opt/netcdf2png/merged_netcdf2png,,0.1,0,0,,,,,,,,,
mrtV2_ID0000256,None,compute,0,1708021117.0,,,1708021133.0,1708022334.0,1708022404.0,4458997.1,1708022248.0,1708022641.0,1708022490.0,1708022570.0,104.0,1708022641.0,1708022646.0,16.0,,1115.0,393.0,5.0,70.0,160605089.0,80.0,8391.0,poseidon,condorpool,poseidon-worker-1-container-8-11,mrtV2,/opt/mrtV2/mrtV2,,0.1,0,0,,,,,,,,,
merged_netcdf2png_ID0000295,hdd_5,compute,0,1708021117.0,,,1708021133.0,1708022334.0,1708022404.0,4439209.4,1708022249.0,1708022611.0,1708022490.0,1708022570.0,268.0,1708022611.0,1708022616.0,16.0,,1116.0,362.0,5.0,70.0,160656166.0,80.0,21712.0,poseidon,condorpool,poseidon-worker-1-container-4-7,merged_netcdf2png,/opt/netcdf2png/merged_netcdf2png,,0.1,0,0,,,,,,,,,
mrtV2_ID0000259,None,compute,0,1708021117.0,,,1708021133.0,1708022250.0,1708022404.0,1344933.6,1708022248.0,1708022631.0,1708022490.0,1708022570.0,124.0,1708022631.0,1708022636.0,16.0,,1115.0,383.0,5.0,154.0,160605089.0,80.0,10075.0,poseidon,condorpool,poseidon-worker-1-container-28-31,mrtV2,/opt/mrtV2/mrtV2,,0.1,0,0,,,,,,,,,
merged_netcdf2png_ID0000296,None,compute,0,1708021117.0,,,1708021133.0,1708022254.0,1708022326.0,2451860.2,1708022154.0,1708022440.0,1708022365.0,1708022368.0,6825.0,1708022440.0,1708022445.0,16.0,,1021.0,286.0,5.0,72.0,160656166.0,3.0,21767.0,poseidon,condorpool,poseidon-worker-2-container-16-19,merged_netcdf2png,/opt/netcdf2png/merged_netcdf2png,,0.2,0,0,,,,,,,,,
mrtV2_ID0000258,hdd_5,compute,0,1708021117.0,,,1708021133.0,1708022249.0,1708022402.0,1097790.1,1708022229.0,1708022631.0,1708022490.0,1708022570.0,125.0,1708022631.0,1708022636.0,16.0,,1096.0,402.0,5.0,153.0,160605089.0,80.0,10050.0,poseidon,condorpool,poseidon-worker-1-container-20-23,mrtV2,/opt/mrtV2/mrtV2,,0.1,0,0,,,,,,,,,
merged_netcdf2png_ID0000290,None,compute,0,1708021117.0,,,1708021128.0,1708022250.0,1708022404.0,1338531.2,1708022248.0,1708022862.0,1708022490.0,1708022780.0,151.0,1708022862.0,1708022867.0,11.0,,1120.0,614.0,5.0,154.0,160656166.0,290.0,43802.0,poseidon,condorpool,poseidon-worker-1-container-24-27,merged_netcdf2png,/opt/netcdf2png/merged_netcdf2png,,0.1,0,0,,,,,,,,,
mrtV2_ID0000255,None,compute,0,1708021117.0,,,1708021128.0,1708022117.0,1708022369.0,1194735.7,1708021955.0,1708022571.0,1708022401.0,1708022404.0,2502.0,1708022571.0,1708022576.0,11.0,,827.0,616.0,5.0,252.0,160605089.0,3.0,8412.0,poseidon,condorpool,poseidon-worker-1-container-44-47,mrtV2,/opt/mrtV2/mrtV2,,0.1,0,0,,,,,,,,,
merged_netcdf2png_ID0000291,None,compute,0,1708021117.0,,,1708021128.0,1708022249.0,1708022402.0,1094888.6,1708022039.0,1708022641.0,1708022490.0,1708022570.0,275.0,1708022641.0,1708022646.0,11.0,,911.0,602.0,5.0,153.0,160656166.0,80.0,22147.0,poseidon,condorpool,poseidon-worker-1-container-8-11,merged_netcdf2png,/opt/netcdf2png/merged_netcdf2png,,0.1,0,0,,,,,,,,,
mrtV2_ID0000254,None,compute,0,1708021117.0,,,1708021128.0,1708022249.0,1708022402.0,1094750.9,1708022039.0,1708022862.0,1708022490.0,1708022780.0,77.0,1708022862.0,1708022867.0,11.0,,911.0,823.0,5.0,153.0,160605089.0,290.0,22486.0,poseidon,condorpool,poseidon-worker-1-container-8-11,mrtV2,/opt/mrtV2/mrtV2,,0.1,0,0,,,,,,,,,
merged_netcdf2png_ID0000292,None,compute,0,1708021117.0,,,1708021128.0,1708022229.0,1708022369.0,7342073.5,1708022031.0,1708022571.0,1708022401.0,1708022404.0,6549.0,1708022571.0,1708022576.0,11.0,,903.0,540.0,5.0,140.0,160656166.0,3.0,21967.0,poseidon,condorpool,poseidon-worker-1-container-12-15,merged_netcdf2png,/opt/netcdf2png/merged_netcdf2png,,0.1,0,0,,,,,,,,,
merged_netcdf2png_ID0000297,None,compute,0,1708021117.0,,,1708021128.0,1708022039.0,1708022370.0,760839.3,1708021955.0,1708022571.0,1708022401.0,1708022405.0,6426.0,1708022571.0,1708022576.0,11.0,,827.0,616.0,5.0,331.0,160656166.0,4.0,21944.0,poseidon,condorpool,poseidon-worker-1-container-32-35,merged_netcdf2png,/opt/netcdf2png/merged_netcdf2png,,0.1,0,0,,,,,,,,,
merged_netcdf2png_ID0000298,None,compute,0,1708021117.0,,,1708021128.0,1708022044.0,1708022369.0,775732.4,1708021955.0,1708022571.0,1708022401.0,1708022404.0,6512.0,1708022571.0,1708022576.0,11.0,,827.0,616.0,5.0,325.0,160656166.0,3.0,21765.0,poseidon,condorpool,poseidon-worker-1-container-16-19,merged_netcdf2png,/opt/netcdf2png/merged_netcdf2png,,0.1,0,0,,,,,,,,,
merged_netcdf2png_ID0000299,hdd_5,compute,0,1708021117.0,,,1708021128.0,1708022248.0,1708022369.0,28107966.2,1708022031.0,1708022571.0,1708022401.0,1708022405.0,6238.0,1708022571.0,1708022576.0,11.0,,903.0,540.0,5.0,121.0,160656166.0,4.0,21659.0,poseidon,condorpool,poseidon-worker-1-container-0-3,merged_netcdf2png,/opt/netcdf2png/merged_netcdf2png,,0.1,0,0,,,,,,,,,
merged_netcdf2png_ID0000285,None,compute,0,1708021117.0,,,1708021128.0,1708022039.0,1708022370.0,760209.0,1708021955.0,1708022571.0,1708022401.0,1708022404.0,6629.0,1708022571.0,1708022576.0,11.0,,827.0,616.0,5.0,331.0,160656166.0,3.0,22228.0,poseidon,condorpool,poseidon-worker-1-container-28-31,merged_netcdf2png,/opt/netcdf2png/merged_netcdf2png,,0.1,0,0,,,,,,,,,
merged_netcdf2png_ID0000286,None,compute,0,1708021117.0,,,1708021128.0,1708022039.0,1708022369.0,760763.1,1708021955.0,1708023008.0,1708022401.0,1708022935.0,124.0,1708023008.0,1708023013.0,11.0,,827.0,1053.0,5.0,330.0,160656166.0,534.0,66261.0,poseidon,condorpool,poseidon-worker-1-container-12-15,merged_netcdf2png,/opt/netcdf2png/merged_netcdf2png,,0.1,0,0,,,,,,,,,
merged_netcdf2png_ID0000287,hdd_5,compute,0,1708021117.0,,,1708021128.0,1708022039.0,1708022369.0,758232.5,1708021955.0,1708022571.0,1708022401.0,1708022404.0,6661.0,1708022571.0,1708022576.0,11.0,,827.0,616.0,5.0,330.0,160656166.0,3.0,22115.0,poseidon,condorpool,poseidon-worker-1-container-0-3,merged_netcdf2png,/opt/netcdf2png/merged_netcdf2png,,0.1,0,0,,,,,,,,,
merged_netcdf2png_ID0000288,None,compute,0,1708021117.0,,,1708021128.0,1708022044.0,1708022369.0,775327.2,1708021955.0,1708022571.0,1708022401.0,1708022405.0,6338.0,1708022571.0,1708022576.0,11.0,,827.0,616.0,5.0,325.0,160656166.0,4.0,22097.0,poseidon,condorpool,poseidon-worker-1-container-44-47,merged_netcdf2png,/opt/netcdf2png/merged_netcdf2png,,0.1,0,0,,,,,,,,,
merged_netcdf2png_ID0000289,None,compute,0,1708021117.0,,,1708021128.0,1708022229.0,1708022369.0,7259630.2,1708022031.0,1708022571.0,1708022401.0,1708022404.0,7858.0,1708022571.0,1708022576.0,11.0,,903.0,540.0,5.0,140.0,160656166.0,3.0,22030.0,poseidon,condorpool,poseidon-worker-1-container-16-19,merged_netcdf2png,/opt/netcdf2png/merged_netcdf2png,,0.1,0,0,,,,,,,,,
merged_netcdf2png_ID0000293,None,compute,0,1708021117.0,,,1708021133.0,1708022324.0,1708022440.0,3648643.1,1708022322.0,1708022601.0,1708022472.0,1708022524.0,423.0,1708022601.0,1708022606.0,16.0,,1189.0,279.0,5.0,116.0,160656166.0,52.0,21852.0,poseidon,condorpool,poseidon-worker-2-container-32-35,merged_netcdf2png,/opt/netcdf2png/merged_netcdf2png,,0.1,0,0,,,,,,,,,
mrtV2_ID0000257,None,compute,0,1708021117.0,,,1708021133.0,1708022368.0,1708022472.0,1639447.5,1708022365.0,1708022817.0,1708022550.0,1708022807.0,77.0,1708022817.0,1708022822.0,16.0,,1232.0,452.0,5.0,104.0,160605089.0,257.0,20084.0,poseidon,condorpool,poseidon-worker-2-container-16-19,mrtV2,/opt/mrtV2/mrtV2,,0.1,0,0,,,,,,,,,
mrtV2_ID0000261,None,compute,0,1708021117.0,,,1708021133.0,1708022325.0,1708022440.0,3652540.6,1708022322.0,1708022601.0,1708022472.0,1708022524.0,207.0,1708022601.0,1708022606.0,16.0,,1189.0,279.0,5.0,115.0,160605089.0,52.0,10674.0,poseidon,condorpool,poseidon-worker-2-container-32-35,mrtV2,/opt/mrtV2/mrtV2,,0.1,0,0,,,,,,,,,
mrtV2_ID0000262,None,compute,0,1708021117.0,,,1708021133.0,1708022325.0,1708022440.0,3721869.3,1708022322.0,1708022601.0,1708022472.0,1708022524.0,198.0,1708022601.0,1708022606.0,16.0,,1189.0,279.0,5.0,115.0,160605089.0,52.0,10286.0,poseidon,condorpool,poseidon-worker-2-container-36-39,mrtV2,/opt/mrtV2/mrtV2,,0.1,0,0,,,,,,,,,
merged_netcdf2png_ID0000306,None,compute,0,1708021117.0,,,1708021133.0,1708022325.0,1708022440.0,3661254.4,1708022323.0,1708022601.0,1708022472.0,1708022524.0,418.0,1708022601.0,1708022606.0,16.0,,1190.0,278.0,5.0,115.0,160656166.0,52.0,21545.0,poseidon,condorpool,poseidon-worker-2-container-32-35,merged_netcdf2png,/opt/netcdf2png/merged_netcdf2png,,0.1,0,0,,,,,,,,,
merged_netcdf2png_ID0000307,None,compute,0,1708021117.0,,,1708021133.0,1708022326.0,1708022440.0,3732909.0,1708022324.0,1708022601.0,1708022472.0,1708022524.0,422.0,1708022601.0,1708022606.0,16.0,,1191.0,277.0,5.0,114.0,160656166.0,52.0,21796.0,poseidon,condorpool,poseidon-worker-2-container-4-7,merged_netcdf2png,/opt/netcdf2png/merged_netcdf2png,,0.1,0,0,,,,,,,,,
merged_netcdf2png_ID0000308,None,compute,0,1708021117.0,,,1708021133.0,1708022325.0,1708022440.0,3639114.0,1708022322.0,1708022601.0,1708022472.0,1708022524.0,418.0,1708022601.0,1708022606.0,16.0,,1189.0,279.0,5.0,115.0,160656166.0,52.0,21631.0,poseidon,condorpool,poseidon-worker-2-container-20-23,merged_netcdf2png,/opt/netcdf2png/merged_netcdf2png,,0.1,0,0,,,,,,,,,
mrtV2_ID0000271,None,compute,0,1708021117.0,,,1708021133.0,1708022325.0,1708022439.0,3623288.2,1708022322.0,1708022601.0,1708022472.0,1708022523.0,190.0,1708022601.0,1708022606.0,16.0,,1189.0,279.0,5.0,114.0,160605089.0,51.0,9835.0,poseidon,condorpool,poseidon-worker-2-container-0-3,mrtV2,/opt/mrtV2/mrtV2,,0.1,0,0,,,,,,,,,
mrtV2_ID0000270,None,compute,0,1708021117.0,,,1708021133.0,1708022325.0,1708022439.0,3605122.4,1708022323.0,1708022601.0,1708022472.0,1708022523.0,185.0,1708022601.0,1708022606.0,16.0,,1190.0,278.0,5.0,114.0,160605089.0,51.0,9541.0,poseidon,condorpool,poseidon-worker-2-container-8-11,mrtV2,/opt/mrtV2/mrtV2,,0.1,0,0,,,,,,,,,
mrtV2_ID0000273,None,compute,0,1708021117.0,,,1708021133.0,1708022324.0,1708022440.0,3723488.0,1708022322.0,1708022817.0,1708022472.0,1708022807.0,57.0,1708022817.0,1708022822.0,16.0,,1189.0,495.0,5.0,116.0,160605089.0,335.0,19284.0,poseidon,condorpool,poseidon-worker-2-container-36-39,mrtV2,/opt/mrtV2/mrtV2,,0.1,0,0,,,,,,,,,
mrtV2_ID0000272,None,compute,0,1708021117.0,,,1708021133.0,1708022368.0,1708022472.0,1630720.1,1708022365.0,1708022812.0,1708022549.0,1708022598.0,166.0,1708022812.0,1708022817.0,16.0,,1232.0,447.0,5.0,104.0,160605089.0,49.0,8050.0,poseidon,condorpool,poseidon-worker-2-container-24-27,mrtV2,/opt/mrtV2/mrtV2,,0.1,0,0,,,,,,,,,
mrtV2_ID0000268,None,compute,0,1708021117.0,,,1708021133.0,1708022368.0,1708022472.0,1635630.9,1708022365.0,1708022812.0,1708022550.0,1708022598.0,211.0,1708022812.0,1708022817.0,16.0,,1232.0,447.0,5.0,104.0,160605089.0,48.0,10121.0,poseidon,condorpool,poseidon-worker-2-container-4-7,mrtV2,/opt/mrtV2/mrtV2,,0.1,0,0,,,,,,,,,
mrtV2_ID0000267,None,compute,0,1708021117.0,,,1708021133.0,1708022325.0,1708022440.0,3704494.5,1708022323.0,1708022601.0,1708022472.0,1708022524.0,200.0,1708022601.0,1708022606.0,16.0,,1190.0,278.0,5.0,115.0,160605089.0,52.0,10319.0,poseidon,condorpool,poseidon-worker-2-container-12-15,mrtV2,/opt/mrtV2/mrtV2,,0.1,0,0,,,,,,,,,
merged_netcdf2png_ID0000309,None,compute,0,1708021117.0,,,1708021133.0,1708022326.0,1708022440.0,3681718.0,1708022324.0,1708022817.0,1708022472.0,1708022807.0,128.0,1708022817.0,1708022822.0,16.0,,1191.0,493.0,5.0,114.0,160656166.0,335.0,43246.0,poseidon,condorpool,poseidon-worker-2-container-4-7,merged_netcdf2png,/opt/netcdf2png/merged_netcdf2png,,0.1,0,0,,,,,,,,,
mrtV2_ID0000269,None,compute,0,1708021117.0,,,1708021133.0,1708022368.0,1708022474.0,2207019.6,1708022365.0,1708022812.0,1708022549.0,1708022598.0,202.0,1708022812.0,1708022817.0,16.0,,1232.0,447.0,5.0,106.0,160605089.0,49.0,9771.0,poseidon,condorpool,poseidon-worker-2-container-24-27,mrtV2,/opt/mrtV2/mrtV2,,0.1,0,0,,,,,,,,,
mrtV2_ID0000263,None,compute,0,1708021117.0,,,1708021133.0,1708022368.0,1708022472.0,1643843.1,1708022365.0,1708022812.0,1708022550.0,1708022598.0,207.0,1708022812.0,1708022817.0,16.0,,1232.0,447.0,5.0,104.0,160605089.0,48.0,9953.0,poseidon,condorpool,poseidon-worker-2-container-16-19,mrtV2,/opt/mrtV2/mrtV2,,0.1,0,0,,,,,,,,,
mrtV2_ID0000266,None,compute,0,1708021117.0,,,1708021133.0,1708022325.0,1708022440.0,3691059.7,1708022323.0,1708022601.0,1708022472.0,1708022524.0,204.0,1708022601.0,1708022606.0,16.0,,1190.0,278.0,5.0,115.0,160605089.0,52.0,10522.0,poseidon,condorpool,poseidon-worker-2-container-32-35,mrtV2,/opt/mrtV2/mrtV2,,0.1,0,0,,,,,,,,,
mrtV2_ID0000265,hdd_5,compute,0,1708021117.0,,,1708021133.0,1708022325.0,1708022440.0,3604648.3,1708022322.0,1708022551.0,1708022472.0,1708022523.0,195.0,1708022551.0,1708022556.0,16.0,,1189.0,229.0,5.0,115.0,160605089.0,51.0,9939.0,poseidon,condorpool,poseidon-worker-2-container-28-31,mrtV2,/opt/mrtV2/mrtV2,,0.1,0,0,,,,,,,,,
merged_netcdf2png_ID0000301,None,compute,0,1708021117.0,,,1708021133.0,1708022326.0,1708022440.0,3701568.2,1708022324.0,1708022601.0,1708022472.0,1708022524.0,422.0,1708022601.0,1708022606.0,16.0,,1191.0,277.0,5.0,114.0,160656166.0,52.0,21779.0,poseidon,condorpool,poseidon-worker-2-container-40-43,merged_netcdf2png,/opt/netcdf2png/merged_netcdf2png,,0.2,0,0,,,,,,,,,
merged_netcdf2png_ID0000302,None,compute,0,1708021117.0,,,1708021133.0,1708022325.0,1708022439.0,3651772.8,1708022322.0,1708022601.0,1708022472.0,1708022524.0,421.0,1708022601.0,1708022606.0,16.0,,1189.0,279.0,5.0,114.0,160656166.0,52.0,21729.0,poseidon,condorpool,poseidon-worker-2-container-8-11,merged_netcdf2png,/opt/netcdf2png/merged_netcdf2png,,0.1,0,0,,,,,,,,,
merged_netcdf2png_ID0000303,None,compute,0,1708021117.0,,,1708021133.0,1708022368.0,1708022472.0,1636977.5,1708022365.0,1708022812.0,1708022550.0,1708022598.0,455.0,1708022812.0,1708022817.0,16.0,,1232.0,447.0,5.0,104.0,160656166.0,48.0,21830.0,poseidon,condorpool,poseidon-worker-2-container-4-7,merged_netcdf2png,/opt/netcdf2png/merged_netcdf2png,,0.1,0,0,,,,,,,,,
merged_netcdf2png_ID0000304,None,compute,0,1708021117.0,,,1708021133.0,1708022368.0,1708022472.0,1637413.2,1708022365.0,1708022812.0,1708022550.0,1708022598.0,449.0,1708022812.0,1708022817.0,16.0,,1232.0,447.0,5.0,104.0,160656166.0,48.0,21594.0,poseidon,condorpool,poseidon-worker-2-container-24-27,merged_netcdf2png,/opt/netcdf2png/merged_netcdf2png,,0.1,0,0,,,,,,,,,
merged_netcdf2png_ID0000300,None,compute,0,1708021117.0,,,1708021133.0,1708022326.0,1708022439.0,3722184.9,1708022324.0,1708022601.0,1708022472.0,1708022524.0,418.0,1708022601.0,1708022606.0,16.0,,1191.0,277.0,5.0,113.0,160656166.0,52.0,21561.0,poseidon,condorpool,poseidon-worker-2-container-40-43,merged_netcdf2png,/opt/netcdf2png/merged_netcdf2png,,0.1,0,0,,,,,,,,,
mrtV2_ID0000260,None,compute,0,1708021117.0,,,1708021133.0,1708022325.0,1708022439.0,3541236.3,1708022322.0,1708022601.0,1708022472.0,1708022524.0,206.0,1708022601.0,1708022606.0,16.0,,1189.0,279.0,5.0,114.0,160605089.0,52.0,10680.0,poseidon,condorpool,poseidon-worker-2-container-12-15,mrtV2,/opt/mrtV2/mrtV2,,0.1,0,0,,,,,,,,,
mrtV2_ID0000264,None,compute,0,1708021117.0,,,1708021133.0,1708022325.0,1708022440.0,3600691.7,1708022322.0,1708022601.0,1708022472.0,1708022524.0,203.0,1708022601.0,1708022606.0,16.0,,1189.0,279.0,5.0,115.0,160605089.0,52.0,10463.0,poseidon,condorpool,poseidon-worker-2-container-8-11,mrtV2,/opt/mrtV2/mrtV2,,0.1,0,0,,,,,,,,,
mrtV2_ID0000065,None,compute,0,1708021117.0,,,1708021122.0,1708021260.0,1708021585.0,1548801.8,1708021127.0,1708021760.0,1708021664.0,1708021718.0,225.0,1708021760.0,1708021765.0,5.0,,5.0,633.0,5.0,325.0,160605089.0,54.0,12002.0,poseidon,condorpool,poseidon-worker-1-container-32-35,mrtV2,/opt/mrtV2/mrtV2,,0.1,0,0,,,,,,,,,
mrtV2_ID0000093,None,compute,0,1708021117.0,,,1708021122.0,1708021289.0,1708021483.0,945753.2,1708021128.0,1708021840.0,1708021641.0,1708021792.0,119.0,1708021840.0,1708021845.0,5.0,,6.0,712.0,5.0,194.0,160605089.0,151.0,17960.0,poseidon,condorpool,poseidon-worker-2-container-0-3,mrtV2,/opt/mrtV2/mrtV2,,0.1,0,0,,,,,,,,,
mrtV2_ID0000069,None,compute,0,1708021117.0,,,1708021122.0,1708021126.0,1708021752.0,306482.8,1708021124.0,1708021955.0,1708021757.0,1708021798.0,281.0,1708021955.0,1708021960.0,5.0,,2.0,831.0,5.0,626.0,160706068.0,41.0,11366.0,poseidon,condorpool,poseidon-worker-1-container-12-15,mrtV2,/opt/mrtV2/mrtV2,,0.1,0,0,,,,,,,,,
mrtV2_ID0000014,None,compute,0,1708021117.0,,,1708021128.0,1708021999.0,1708022251.0,3467443.3,1708021821.0,1708022405.0,1708022367.0,1708022370.0,3036.0,1708022405.0,1708022410.0,11.0,,693.0,584.0,5.0,252.0,160605089.0,3.0,9668.0,poseidon,condorpool,poseidon-worker-1-container-36-39,mrtV2,/opt/mrtV2/mrtV2,,0.1,0,0,,,,,,,,,
mrtV2_ID0000066,None,compute,0,1708021117.0,,,1708021122.0,1708021288.0,1708021483.0,5636707.9,1708021124.0,1708021730.0,1708021641.0,1708021645.0,3352.0,1708021730.0,1708021735.0,5.0,,2.0,606.0,5.0,195.0,160605089.0,4.0,12030.0,poseidon,condorpool,poseidon-worker-2-container-4-7,mrtV2,/opt/mrtV2/mrtV2,,0.1,0,0,,,,,,,,,
merged_netcdf2png_ID0000053,None,compute,0,1708021117.0,,,1708021128.0,1708021999.0,1708022251.0,3442500.5,1708021821.0,1708022405.0,1708022367.0,1708022370.0,6763.0,1708022405.0,1708022410.0,11.0,,693.0,584.0,5.0,252.0,160656166.0,3.0,21704.0,poseidon,condorpool,poseidon-worker-1-container-24-27,merged_netcdf2png,/opt/netcdf2png/merged_netcdf2png,,0.2,0,0,,,,,,,,,
mrtV2_ID0000017,None,compute,0,1708021117.0,,,1708021128.0,1708021999.0,1708022251.0,3438577.6,1708021821.0,1708022405.0,1708022367.0,1708022370.0,2994.0,1708022405.0,1708022410.0,11.0,,693.0,584.0,5.0,252.0,160605089.0,3.0,9504.0,poseidon,condorpool,poseidon-worker-1-container-36-39,mrtV2,/opt/mrtV2/mrtV2,,0.1,0,0,,,,,,,,,
merged_netcdf2png_ID0000054,None,compute,0,1708021117.0,,,1708021128.0,1708021999.0,1708022251.0,3446488.4,1708021821.0,1708022405.0,1708022367.0,1708022370.0,6739.0,1708022405.0,1708022410.0,11.0,,693.0,584.0,5.0,252.0,160656166.0,3.0,21694.0,poseidon,condorpool,poseidon-worker-1-container-40-43,merged_netcdf2png,/opt/netcdf2png/merged_netcdf2png,,0.1,0,0,,,,,,,,,
mrtV2_ID0000016,hdd_5,compute,0,1708021117.0,,,1708021128.0,1708021999.0,1708022369.0,641459.9,1708021800.0,1708022571.0,1708022401.0,1708022404.0,2810.0,1708022571.0,1708022576.0,11.0,,672.0,771.0,5.0,370.0,160605089.0,3.0,9471.0,poseidon,condorpool,poseidon-worker-1-container-20-23,mrtV2,/opt/mrtV2/mrtV2,,0.1,0,0,,,,,,,,,
mrtV2_ID0000011,hdd_5,compute,0,1708021117.0,,,1708021128.0,1708021999.0,1708022251.0,3448743.9,1708021821.0,1708023008.0,1708022367.0,1708022935.0,54.0,1708023008.0,1708023013.0,11.0,,693.0,1187.0,5.0,252.0,160605089.0,568.0,30909.0,poseidon,condorpool,poseidon-worker-1-container-4-7,mrtV2,/opt/mrtV2/mrtV2,,0.1,0,0,,,,,,,,,
mrtV2_ID0000010,None,compute,0,1708021117.0,,,1708021128.0,1708021821.0,1708022370.0,300556.4,1708021758.0,1708022571.0,1708022401.0,1708022404.0,3054.0,1708022571.0,1708022576.0,11.0,,630.0,813.0,5.0,549.0,160710764.0,3.0,10298.0,poseidon,condorpool,poseidon-worker-1-container-32-35,mrtV2,/opt/mrtV2/mrtV2,,0.1,0,0,,,,,,,,,
mrtV2_ID0000013,None,compute,0,1708021117.0,,,1708021128.0,1708021999.0,1708022248.0,2557361.7,1708021800.0,1708022405.0,1708022367.0,1708022370.0,3031.0,1708022405.0,1708022410.0,11.0,,672.0,605.0,5.0,249.0,160605089.0,3.0,9561.0,poseidon,condorpool,poseidon-worker-1-container-36-39,mrtV2,/opt/mrtV2/mrtV2,,0.1,0,0,,,,,,,,,
merged_netcdf2png_ID0000050,None,compute,0,1708021117.0,,,1708021128.0,1708021999.0,1708022251.0,3459791.4,1708021800.0,1708022405.0,1708022367.0,1708022370.0,6760.0,1708022405.0,1708022410.0,11.0,,672.0,605.0,5.0,252.0,160656166.0,3.0,21840.0,poseidon,condorpool,poseidon-worker-1-container-40-43,merged_netcdf2png,/opt/netcdf2png/merged_netcdf2png,,0.1,0,0,,,,,,,,,
mrtV2_ID0000012,None,compute,0,1708021117.0,,,1708021128.0,1708021821.0,1708021999.0,1706918.6,1708021758.0,1708022230.0,1708022031.0,1708022117.0,118.0,1708022230.0,1708022235.0,11.0,,630.0,472.0,5.0,178.0,160605089.0,86.0,10139.0,poseidon,condorpool,poseidon-worker-1-container-28-31,mrtV2,/opt/mrtV2/mrtV2,,0.1,0,0,,,,,,,,,
merged_netcdf2png_ID0000059,None,compute,0,1708021117.0,,,1708021128.0,1708021821.0,1708022044.0,845296.9,1708021758.0,1708022370.0,1708022248.0,1708022251.0,6389.0,1708022370.0,1708022375.0,11.0,,630.0,612.0,5.0,223.0,160656166.0,3.0,21352.0,poseidon,condorpool,poseidon-worker-1-container-28-31,merged_netcdf2png,/opt/netcdf2png/merged_netcdf2png,,0.1,0,0,,,,,,,,,
mrtV2_ID0000019,None,compute,0,1708021117.0,,,1708021128.0,1708021999.0,1708022251.0,3442221.3,1708021798.0,1708022405.0,1708022367.0,1708022370.0,3151.0,1708022405.0,1708022410.0,11.0,,670.0,607.0,5.0,252.0,160605089.0,3.0,10113.0,poseidon,condorpool,poseidon-worker-1-container-40-43,mrtV2,/opt/mrtV2/mrtV2,,0.1,0,0,,,,,,,,,
merged_netcdf2png_ID0000055,None,compute,0,1708021117.0,,,1708021128.0,1708021999.0,1708022251.0,3453097.4,1708021822.0,1708022405.0,1708022367.0,1708022370.0,6673.0,1708022405.0,1708022410.0,11.0,,694.0,583.0,5.0,252.0,160656166.0,3.0,21348.0,poseidon,condorpool,poseidon-worker-1-container-8-11,merged_netcdf2png,/opt/netcdf2png/merged_netcdf2png,,0.1,0,0,,,,,,,,,
mrtV2_ID0000018,None,compute,0,1708021117.0,,,1708021128.0,1708021955.0,1708022251.0,1768427.4,1708021798.0,1708022405.0,1708022367.0,1708022370.0,3048.0,1708022405.0,1708022410.0,11.0,,670.0,607.0,5.0,296.0,160605089.0,3.0,9619.0,poseidon,condorpool,poseidon-worker-1-container-24-27,mrtV2,/opt/mrtV2/mrtV2,,0.1,0,0,,,,,,,,,
merged_netcdf2png_ID0000056,hdd_5,compute,0,1708021117.0,,,1708021128.0,1708021954.0,1708022229.0,617255.3,1708021798.0,1708022405.0,1708022248.0,1708022367.0,179.0,1708022405.0,1708022410.0,11.0,,670.0,607.0,5.0,275.0,160656166.0,119.0,21304.0,poseidon,condorpool,poseidon-worker-1-container-20-23,merged_netcdf2png,/opt/netcdf2png/merged_netcdf2png,,0.1,0,0,,,,,,,,,
merged_netcdf2png_ID0000057,hdd_5,compute,0,1708021117.0,,,1708021128.0,1708021800.0,1708022039.0,984239.6,1708021758.0,1708022370.0,1708022248.0,1708022251.0,6380.0,1708022370.0,1708022375.0,11.0,,630.0,612.0,5.0,239.0,160656166.0,3.0,21172.0,poseidon,condorpool,poseidon-worker-1-container-0-3,merged_netcdf2png,/opt/netcdf2png/merged_netcdf2png,,0.1,0,0,,,,,,,,,
merged_netcdf2png_ID0000058,hdd_5,compute,0,1708021117.0,,,1708021128.0,1708021996.0,1708022251.0,3206603.0,1708021798.0,1708023003.0,1708022367.0,1708022935.0,112.0,1708023003.0,1708023008.0,11.0,,670.0,1205.0,5.0,255.0,160656166.0,568.0,64080.0,poseidon,condorpool,poseidon-worker-1-container-4-7,merged_netcdf2png,/opt/netcdf2png/merged_netcdf2png,,0.1,0,0,0.0,366021.0,0.0,529.0,0.0,0.0,0.1,12200.7,
merged_netcdf2png_ID0000040,None,compute,0,1708021117.0,,,1708021128.0,1708021800.0,1708022039.0,984615.5,1708021757.0,1708022370.0,1708022248.0,1708022251.0,6690.0,1708022370.0,1708022375.0,11.0,,629.0,613.0,5.0,239.0,160656166.0,3.0,21932.0,poseidon,condorpool,poseidon-worker-1-container-28-31,merged_netcdf2png,/opt/netcdf2png/merged_netcdf2png,,0.1,0,0,,,,,,,,,
mrtV2_ID0000015,hdd_5,compute,0,1708021117.0,,,1708021128.0,1708021999.0,1708022251.0,3451661.0,1708021821.0,1708022405.0,1708022367.0,1708022370.0,3362.0,1708022405.0,1708022410.0,11.0,,693.0,584.0,5.0,252.0,160605089.0,3.0,10511.0,poseidon,condorpool,poseidon-worker-1-container-4-7,mrtV2,/opt/mrtV2/mrtV2,,0.1,0,0,,,,,,,,,
merged_netcdf2png_ID0000051,hdd_5,compute,0,1708021117.0,,,1708021128.0,1708021899.0,1708022154.0,1679492.5,1708021838.0,1708022476.0,1708022253.0,1708022438.0,230.0,1708022476.0,1708022481.0,11.0,,710.0,638.0,5.0,255.0,160656166.0,185.0,42728.0,poseidon,condorpool,poseidon-worker-2-container-44-47,merged_netcdf2png,/opt/netcdf2png/merged_netcdf2png,,0.1,0,0,,,,,,,,,
mrtV2_ID0000020,None,compute,0,1708021117.0,,,1708021128.0,1708021900.0,1708022154.0,1861791.0,1708021838.0,1708022325.0,1708022253.0,1708022256.0,3278.0,1708022325.0,1708022330.0,11.0,,710.0,487.0,5.0,254.0,160605089.0,3.0,9743.0,poseidon,condorpool,poseidon-worker-2-container-36-39,mrtV2,/opt/mrtV2/mrtV2,,0.1,0,0,,,,,,,,,
mrtV2_ID0000029,None,compute,0,1708021117.0,,,1708021128.0,1708021902.0,1708022255.0,907977.6,1708021869.0,1708022365.0,1708022318.0,1708022322.0,2164.0,1708022365.0,1708022370.0,11.0,,741.0,496.0,5.0,353.0,160605089.0,4.0,8617.0,poseidon,condorpool,poseidon-worker-2-container-20-23,mrtV2,/opt/mrtV2/mrtV2,,0.0,0,0,,,,,,,,,
merged_netcdf2png_ID0000038,None,compute,0,1708021117.0,,,1708021128.0,1708022248.0,1708022369.0,27581044.8,1708021955.0,1708022571.0,1708022401.0,1708022405.0,6451.0,1708022571.0,1708022576.0,11.0,,827.0,616.0,5.0,121.0,160656166.0,4.0,21892.0,poseidon,condorpool,poseidon-worker-1-container-44-47,merged_netcdf2png,/opt/netcdf2png/merged_netcdf2png,,0.1,0,0,,,,,,,,,
merged_netcdf2png_ID0000039,None,compute,0,1708021117.0,,,1708021128.0,1708022076.0,1708022322.0,895942.6,1708021901.0,1708022440.0,1708022365.0,1708022368.0,6902.0,1708022440.0,1708022445.0,11.0,,773.0,539.0,5.0,246.0,160656166.0,3.0,21874.0,poseidon,condorpool,poseidon-worker-2-container-36-39,merged_netcdf2png,/opt/netcdf2png/merged_netcdf2png,,0.1,0,0,,,,,,,,,
merged_netcdf2png_ID0000033,hdd_5,compute,0,1708021117.0,,,1708021128.0,1708022076.0,1708022322.0,900539.3,1708021901.0,1708022440.0,1708022365.0,1708022368.0,6916.0,1708022440.0,1708022445.0,11.0,,773.0,539.0,5.0,246.0,160656166.0,3.0,22108.0,poseidon,condorpool,poseidon-worker-2-container-28-31,merged_netcdf2png,/opt/netcdf2png/merged_netcdf2png,,0.1,0,0,,,,,,,,,
merged_netcdf2png_ID0000034,None,compute,0,1708021117.0,,,1708021128.0,1708022045.0,1708022256.0,1450475.8,1708021901.0,1708022370.0,1708022318.0,1708022322.0,5617.0,1708022370.0,1708022375.0,11.0,,773.0,469.0,5.0,211.0,160656166.0,4.0,22169.0,poseidon,condorpool,poseidon-worker-2-container-20-23,merged_netcdf2png,/opt/netcdf2png/merged_netcdf2png,,0.1,0,0,,,,,,,,,
merged_netcdf2png_ID0000035,None,compute,0,1708021117.0,,,1708021128.0,1708022076.0,1708022322.0,900659.6,1708021901.0,1708022440.0,1708022365.0,1708022369.0,6925.0,1708022440.0,1708022445.0,11.0,,773.0,539.0,5.0,246.0,160656166.0,4.0,22174.0,poseidon,condorpool,poseidon-worker-2-container-36-39,merged_netcdf2png,/opt/netcdf2png/merged_netcdf2png,,0.2,0,0,,,,,,,,,
merged_netcdf2png_ID0000036,hdd_5,compute,0,1708021117.0,,,1708021128.0,1708022045.0,1708022322.0,765486.9,1708021901.0,1708022440.0,1708022365.0,1708022368.0,6969.0,1708022440.0,1708022445.0,11.0,,773.0,539.0,5.0,277.0,160656166.0,3.0,22180.0,poseidon,condorpool,poseidon-worker-2-container-28-31,merged_netcdf2png,/opt/netcdf2png/merged_netcdf2png,,0.1,0,0,,,,,,,,,
mrtV2_ID0000031,None,compute,0,1708021117.0,,,1708021128.0,1708022045.0,1708022256.0,1450112.8,1708021901.0,1708022370.0,1708022318.0,1708022322.0,1646.0,1708022370.0,1708022375.0,11.0,,773.0,469.0,5.0,211.0,160605089.0,4.0,6566.0,poseidon,condorpool,poseidon-worker-2-container-0-3,mrtV2,/opt/mrtV2/mrtV2,,0.1,0,0,,,,,,,,,
mrtV2_ID0000030,None,compute,0,1708021117.0,,,1708021128.0,1708021931.0,1708022256.0,716204.4,1708021901.0,1708022370.0,1708022318.0,1708022322.0,1957.0,1708022370.0,1708022375.0,11.0,,773.0,469.0,5.0,325.0,160605089.0,4.0,7667.0,poseidon,condorpool,poseidon-worker-2-container-8-11,mrtV2,/opt/mrtV2/mrtV2,,0.1,0,0,,,,,,,,,
merged_netcdf2png_ID0000062,None,compute,0,1708021117.0,,,1708021128.0,1708022044.0,1708022369.0,775702.9,1708021955.0,1708022571.0,1708022401.0,1708022405.0,6235.0,1708022571.0,1708022576.0,11.0,,827.0,616.0,5.0,325.0,160656166.0,4.0,21225.0,poseidon,condorpool,poseidon-worker-1-container-12-15,merged_netcdf2png,/opt/netcdf2png/merged_netcdf2png,,0.1,0,0,,,,,,,,,
mrtV2_ID0000004,None,compute,0,1708021117.0,,,1708021128.0,1708021955.0,1708022251.0,1774211.8,1708021798.0,1708022405.0,1708022367.0,1708022370.0,3444.0,1708022405.0,1708022410.0,11.0,,670.0,607.0,5.0,296.0,160605089.0,3.0,10779.0,poseidon,condorpool,poseidon-worker-1-container-40-43,mrtV2,/opt/mrtV2/mrtV2,,0.0,0,0,,,,,,,,,
mrtV2_ID0000026,None,compute,0,1708021117.0,,,1708021128.0,1708022044.0,1708022369.0,776629.3,1708021955.0,1708022571.0,1708022401.0,1708022404.0,3093.0,1708022571.0,1708022576.0,11.0,,827.0,616.0,5.0,325.0,160605089.0,3.0,9907.0,poseidon,condorpool,poseidon-worker-1-container-16-19,mrtV2,/opt/mrtV2/mrtV2,,0.1,0,0,,,,,,,,,
merged_netcdf2png_ID0000063,None,compute,0,1708021117.0,,,1708021128.0,1708021899.0,1708022154.0,724077.7,1708021838.0,1708022476.0,1708022253.0,1708022438.0,231.0,1708022476.0,1708022481.0,11.0,,710.0,638.0,5.0,255.0,160656166.0,185.0,42978.0,poseidon,condorpool,poseidon-worker-2-container-0-3,merged_netcdf2png,/opt/netcdf2png/merged_netcdf2png,,0.1,0,0,,,,,,,,,
mrtV2_ID0000028,None,compute,0,1708021117.0,,,1708021128.0,1708021900.0,1708022154.0,1900980.2,1708021838.0,1708022325.0,1708022253.0,1708022257.0,2104.0,1708022325.0,1708022330.0,11.0,,710.0,487.0,5.0,254.0,160605089.0,4.0,7661.0,poseidon,condorpool,poseidon-worker-2-container-24-27,mrtV2,/opt/mrtV2/mrtV2,,0.1,0,0,,,,,,,,,
mrtV2_ID0000027,None,compute,0,1708021117.0,,,1708021128.0,1708021838.0,1708022154.0,1159979.3,1708021836.0,1708022476.0,1708022253.0,1708022438.0,93.0,1708022476.0,1708022481.0,11.0,,708.0,640.0,5.0,316.0,160605089.0,185.0,17360.0,poseidon,condorpool,poseidon-worker-2-container-12-15,mrtV2,/opt/mrtV2/mrtV2,,0.1,0,0,,,,,,,,,
mrtV2_ID0000022,hdd_5,compute,0,1708021117.0,,,1708021128.0,1708021838.0,1708021904.0,4662868.2,1708021836.0,1708022325.0,1708022077.0,1708022253.0,58.0,1708022325.0,1708022330.0,11.0,,708.0,489.0,5.0,66.0,160605089.0,176.0,10396.0,poseidon,condorpool,poseidon-worker-2-container-28-31,mrtV2,/opt/mrtV2/mrtV2,,0.1,0,0,0.0,423469.0,0.0,443.0,0.0,0.0,0.1,14115.6,
mrtV2_ID0000021,None,compute,0,1708021117.0,,,1708021128.0,1708021838.0,1708022154.0,1153081.6,1708021836.0,1708022325.0,1708022253.0,1708022257.0,2614.0,1708022325.0,1708022330.0,11.0,,708.0,489.0,5.0,316.0,160605089.0,4.0,9452.0,poseidon,condorpool,poseidon-worker-2-container-12-15,mrtV2,/opt/mrtV2/mrtV2,,0.1,0,0,,,,,,,,,
mrtV2_ID0000024,None,compute,0,1708021117.0,,,1708021128.0,1708021901.0,1708022154.0,1870722.4,1708021838.0,1708022445.0,1708022253.0,1708022438.0,99.0,1708022445.0,1708022450.0,11.0,,710.0,607.0,5.0,253.0,160605089.0,185.0,18500.0,poseidon,condorpool,poseidon-worker-2-container-24-27,mrtV2,/opt/mrtV2/mrtV2,,0.1,0,0,,,,,,,,,
merged_netcdf2png_ID0000060,hdd_5,compute,0,1708021117.0,,,1708021128.0,1708021902.0,1708022255.0,908650.4,1708021869.0,1708022370.0,1708022318.0,1708022322.0,5113.0,1708022370.0,1708022375.0,11.0,,741.0,501.0,5.0,353.0,160656166.0,4.0,21434.0,poseidon,condorpool,poseidon-worker-2-container-28-31,merged_netcdf2png,/opt/netcdf2png/merged_netcdf2png,,0.1,0,0,,,,,,,,,
mrtV2_ID0000023,None,compute,0,1708021117.0,,,1708021128.0,1708021900.0,1708022154.0,1883492.6,1708021838.0,1708022325.0,1708022253.0,1708022257.0,2581.0,1708022325.0,1708022330.0,11.0,,710.0,487.0,5.0,254.0,160605089.0,4.0,9260.0,poseidon,condorpool,poseidon-worker-2-container-4-7,mrtV2,/opt/mrtV2/mrtV2,,0.1,0,0,,,,,,,,,
merged_netcdf2png_ID0000061,None,compute,0,1708021117.0,,,1708021128.0,1708021840.0,1708022154.0,1177745.0,1708021836.0,1708022320.0,1708022253.0,1708022256.0,7396.0,1708022320.0,1708022325.0,11.0,,708.0,484.0,5.0,314.0,160656166.0,3.0,21550.0,poseidon,condorpool,poseidon-worker-2-container-32-35,merged_netcdf2png,/opt/netcdf2png/merged_netcdf2png,,0.1,0,0,,,,,,,,,
mrtV2_ID0000025,None,compute,0,1708021117.0,,,1708021128.0,1708021901.0,1708022256.0,902379.1,1708021838.0,1708022370.0,1708022318.0,1708022322.0,2211.0,1708022370.0,1708022375.0,11.0,,710.0,532.0,5.0,355.0,160605089.0,4.0,8678.0,poseidon,condorpool,poseidon-worker-2-container-20-23,mrtV2,/opt/mrtV2/mrtV2,,0.1,0,0,,,,,,,,,
mrtV2_ID0000003,hdd_5,compute,0,1708021117.0,,,1708021128.0,1708021859.0,1708021999.0,1659185.1,1708021758.0,1708022250.0,1708022031.0,1708022117.0,125.0,1708022250.0,1708022255.0,11.0,,630.0,492.0,5.0,140.0,160605089.0,86.0,10803.0,poseidon,condorpool,poseidon-worker-1-container-0-3,mrtV2,/opt/mrtV2/mrtV2,,0.1,0,0,,,,,,,,,
merged_netcdf2png_ID0000052,None,compute,0,1708021117.0,,,1708021128.0,1708021996.0,1708022229.0,719012.8,1708021798.0,1708022370.0,1708022248.0,1708022308.0,362.0,1708022370.0,1708022375.0,11.0,,670.0,572.0,5.0,233.0,160656166.0,60.0,21674.0,poseidon,condorpool,poseidon-worker-1-container-36-39,merged_netcdf2png,/opt/netcdf2png/merged_netcdf2png,,0.1,0,0,,,,,,,,,
mrtV2_ID0000006,None,compute,0,1708021117.0,,,1708021128.0,1708021800.0,1708022039.0,990850.5,1708021758.0,1708022370.0,1708022248.0,1708022251.0,3234.0,1708022370.0,1708022375.0,11.0,,630.0,612.0,5.0,239.0,160605089.0,3.0,10784.0,poseidon,condorpool,poseidon-worker-1-container-12-15,mrtV2,/opt/mrtV2/mrtV2,,0.1,0,0,0.0,424662.0,0.0,433.0,0.0,0.0,0.1,42466.2,
mrtV2_ID0000079,None,compute,0,1708021117.0,,,1708021127.0,1708021840.0,1708022154.0,1170033.7,1708021793.0,1708022325.0,1708022253.0,1708022257.0,2289.0,1708022325.0,1708022330.0,10.0,,666.0,532.0,5.0,314.0,160605089.0,4.0,8252.0,poseidon,condorpool,poseidon-worker-2-container-32-35,mrtV2,/opt/mrtV2/mrtV2,,0.1,0,0,,,,,,,,,
mrtV2_ID0000078,None,compute,0,1708021117.0,,,1708021127.0,1708021835.0,1708022154.0,1137549.7,1708021792.0,1708022476.0,1708022253.0,1708022438.0,125.0,1708022476.0,1708022481.0,10.0,,665.0,684.0,5.0,319.0,160605089.0,185.0,23348.0,poseidon,condorpool,poseidon-worker-2-container-12-15,mrtV2,/opt/mrtV2/mrtV2,,0.1,0,0,,,,,,,,,
merged_netcdf2png_ID0000114,hdd_5,compute,0,1708021117.0,,,1708021127.0,1708021835.0,1708022154.0,1136147.5,1708021793.0,1708022476.0,1708022253.0,1708022438.0,230.0,1708022476.0,1708022481.0,10.0,,666.0,683.0,5.0,319.0,160656166.0,185.0,42764.0,poseidon,condorpool,poseidon-worker-2-container-44-47,merged_netcdf2png,/opt/netcdf2png/merged_netcdf2png,,0.1,0,0,,,,,,,,,
merged_netcdf2png_ID0000115,None,compute,0,1708021117.0,,,1708021127.0,1708021793.0,1708021899.0,2155343.5,1708021728.0,1708022325.0,1708022077.0,1708022253.0,122.0,1708022325.0,1708022330.0,10.0,,601.0,597.0,5.0,106.0,160656166.0,176.0,21640.0,poseidon,condorpool,poseidon-worker-2-container-8-11,merged_netcdf2png,/opt/netcdf2png/merged_netcdf2png,,0.1,0,0,0.0,541133.0,8230.0,668.0,3.0,0.1,0.1,3865.2,823.0
merged_netcdf2png_ID0000116,None,compute,0,1708021117.0,,,1708021127.0,1708021793.0,1708022154.0,872539.1,1708021728.0,1708022325.0,1708022253.0,1708022257.0,6014.0,1708022325.0,1708022330.0,10.0,,601.0,597.0,5.0,361.0,160656166.0,4.0,21632.0,poseidon,condorpool,poseidon-worker-2-container-12-15,merged_netcdf2png,/opt/netcdf2png/merged_netcdf2png,,0.1,0,0,,,,,,,,,
merged_netcdf2png_ID0000117,None,compute,0,1708021117.0,,,1708021127.0,1708021794.0,1708021902.0,2903408.5,1708021792.0,1708022325.0,1708022253.0,1708022257.0,5748.0,1708022325.0,1708022330.0,10.0,,665.0,533.0,5.0,108.0,160656166.0,4.0,21581.0,poseidon,condorpool,poseidon-worker-2-container-24-27,merged_netcdf2png,/opt/netcdf2png/merged_netcdf2png,,0.1,0,0,0.0,297410.0,0.0,507.0,0.0,0.0,0.0,9913.7,
merged_netcdf2png_ID0000110,None,compute,0,1708021117.0,,,1708021127.0,1708021793.0,1708021900.0,2134346.6,1708021728.0,1708022325.0,1708022253.0,1708022257.0,5970.0,1708022325.0,1708022330.0,10.0,,601.0,597.0,5.0,107.0,160656166.0,4.0,21790.0,poseidon,condorpool,poseidon-worker-2-container-8-11,merged_netcdf2png,/opt/netcdf2png/merged_netcdf2png,,0.1,0,0,,,,,,,,,
merged_netcdf2png_ID0000111,None,compute,0,1708021117.0,,,1708021127.0,1708021791.0,1708021899.0,2139288.1,1708021726.0,1708022325.0,1708022077.0,1708022253.0,122.0,1708022325.0,1708022330.0,10.0,,599.0,599.0,5.0,108.0,160656166.0,176.0,21604.0,poseidon,condorpool,poseidon-worker-2-container-24-27,merged_netcdf2png,/opt/netcdf2png/merged_netcdf2png,,0.1,0,0,0.0,531625.0,8230.0,647.0,3.0,0.1,0.1,3797.3,823.0
merged_netcdf2png_ID0000112,None,compute,0,1708021117.0,,,1708021127.0,1708021646.0,1708021792.0,1961642.3,1708021644.0,1708021900.0,1708021837.0,1708021869.0,672.0,1708021900.0,1708021905.0,10.0,,517.0,256.0,5.0,146.0,160656166.0,32.0,21632.0,poseidon,condorpool,poseidon-worker-2-container-20-23,merged_netcdf2png,/opt/netcdf2png/merged_netcdf2png,,0.1,0,0,,,,,,,,,
merged_netcdf2png_ID0000113,None,compute,0,1708021117.0,,,1708021127.0,1708021646.0,1708021792.0,1958395.1,1708021644.0,1708021900.0,1708021837.0,1708021869.0,670.0,1708021900.0,1708021905.0,10.0,,517.0,256.0,5.0,146.0,160656166.0,32.0,21646.0,poseidon,condorpool,poseidon-worker-2-container-36-39,merged_netcdf2png,/opt/netcdf2png/merged_netcdf2png,,0.1,0,0,,,,,,,,,
merged_netcdf2png_ID0000107,hdd_5,compute,0,1708021117.0,,,1708021127.0,1708021722.0,1708021792.0,18268719.0,1708021645.0,1708021900.0,1708021837.0,1708021869.0,677.0,1708021900.0,1708021905.0,10.0,,518.0,255.0,5.0,70.0,160656166.0,32.0,21844.0,poseidon,condorpool,poseidon-worker-2-container-28-31,merged_netcdf2png,/opt/netcdf2png/merged_netcdf2png,,0.1,0,0,,,,,,,,,
merged_netcdf2png_ID0000108,hdd_5,compute,0,1708021117.0,,,1708021127.0,1708021646.0,1708021789.0,1168619.1,1708021643.0,1708021900.0,1708021837.0,1708021869.0,669.0,1708021900.0,1708021905.0,10.0,,516.0,257.0,5.0,143.0,160656166.0,32.0,21528.0,poseidon,condorpool,poseidon-worker-2-container-28-31,merged_netcdf2png,/opt/netcdf2png/merged_netcdf2png,,0.1,0,0,,,,,,,,,
merged_netcdf2png_ID0000109,None,compute,0,1708021117.0,,,1708021127.0,1708021722.0,1708021793.0,16230859.7,1708021645.0,1708021900.0,1708021837.0,1708021869.0,678.0,1708021900.0,1708021905.0,10.0,,518.0,255.0,5.0,71.0,160656166.0,32.0,21889.0,poseidon,condorpool,poseidon-worker-2-container-8-11,merged_netcdf2png,/opt/netcdf2png/merged_netcdf2png,,0.1,0,0,,,,,,,,,
mrtV2_ID0000073,None,compute,0,1708021117.0,,,1708021127.0,1708021716.0,1708021760.0,4311556.0,1708021597.0,1708021955.0,1708021798.0,1708021869.0,143.0,1708021955.0,1708021960.0,10.0,,470.0,358.0,5.0,44.0,160605089.0,71.0,10247.0,poseidon,condorpool,poseidon-worker-1-container-44-47,mrtV2,/opt/mrtV2/mrtV2,,0.1,0,0,,,,,,,,,
mrtV2_ID0000072,None,compute,0,1708021117.0,,,1708021122.0,1708021716.0,1708021821.0,2554809.5,1708021598.0,1708022035.0,1708021912.0,1708021954.0,264.0,1708022035.0,1708022040.0,5.0,,476.0,437.0,5.0,105.0,160605089.0,42.0,11210.0,poseidon,condorpool,poseidon-worker-1-container-8-11,mrtV2,/opt/mrtV2/mrtV2,,0.1,0,0,,,,,,,,,
merged_netcdf2png_ID0000041,None,compute,0,1708021117.0,,,1708021128.0,1708021955.0,1708022251.0,1769442.5,1708021798.0,1708022405.0,1708022367.0,1708022370.0,8226.0,1708022405.0,1708022410.0,11.0,,670.0,607.0,5.0,296.0,160656166.0,3.0,21894.0,poseidon,condorpool,poseidon-worker-1-container-24-27,merged_netcdf2png,/opt/netcdf2png/merged_netcdf2png,,0.1,0,0,,,,,,,,,
mrtV2_ID0000074,None,compute,0,1708021117.0,,,1708021122.0,1708021646.0,1708021792.0,1961041.0,1708021642.0,1708021900.0,1708021837.0,1708021869.0,352.0,1708021900.0,1708021905.0,5.0,,520.0,258.0,5.0,146.0,160605089.0,32.0,11373.0,poseidon,condorpool,poseidon-worker-2-container-36-39,mrtV2,/opt/mrtV2/mrtV2,,0.1,0,0,,,,,,,,,
mrtV2_ID0000071,hdd_5,compute,0,1708021117.0,,,1708021122.0,1708021289.0,1708021483.0,5602438.6,1708021156.0,1708021730.0,1708021641.0,1708021645.0,2800.0,1708021730.0,1708021735.0,5.0,,34.0,574.0,5.0,194.0,160605089.0,4.0,10072.0,poseidon,condorpool,poseidon-worker-2-container-28-31,mrtV2,/opt/mrtV2/mrtV2,,0.1,0,0,,,,,,,,,
mrtV2_ID0000070,hdd_5,compute,0,1708021117.0,,,1708021122.0,1708021265.0,1708021585.0,1618425.2,1708021244.0,1708021760.0,1708021664.0,1708021718.0,217.0,1708021760.0,1708021765.0,5.0,,122.0,516.0,5.0,320.0,160605089.0,54.0,11595.0,poseidon,condorpool,poseidon-worker-1-container-4-7,mrtV2,/opt/mrtV2/mrtV2,,0.1,0,0,,,,,,,,,
mrtV2_ID0000076,None,compute,0,1708021117.0,,,1708021127.0,1708021835.0,1708021904.0,4332023.1,1708021792.0,1708022325.0,1708022077.0,1708022253.0,62.0,1708022325.0,1708022330.0,10.0,,665.0,533.0,5.0,69.0,160605089.0,176.0,11084.0,poseidon,condorpool,poseidon-worker-2-container-16-19,mrtV2,/opt/mrtV2/mrtV2,,0.1,0,0,0.0,457896.0,0.0,518.0,0.0,0.0,0.0,15263.2,
mrtV2_ID0000077,None,compute,0,1708021117.0,,,1708021127.0,1708021837.0,1708021904.0,4539597.2,1708021792.0,1708022325.0,1708022077.0,1708022253.0,49.0,1708022325.0,1708022330.0,10.0,,665.0,533.0,5.0,67.0,160605089.0,176.0,8741.0,poseidon,condorpool,poseidon-worker-2-container-4-7,mrtV2,/opt/mrtV2/mrtV2,,0.1,0,0,0.0,474233.0,0.0,554.0,0.0,0.0,0.0,15807.8,
mrtV2_ID0000075,None,compute,0,1708021117.0,,,1708021122.0,1708021647.0,1708021792.0,2039639.1,1708021645.0,1708021900.0,1708021837.0,1708021869.0,309.0,1708021900.0,1708021905.0,5.0,,523.0,255.0,5.0,145.0,160605089.0,32.0,9985.0,poseidon,condorpool,poseidon-worker-2-container-0-3,mrtV2,/opt/mrtV2/mrtV2,,0.1,0,0,,,,,,,,,
mrtV2_ID0000082,None,compute,0,1708021117.0,,,1708021127.0,1708021835.0,1708021904.0,4305055.4,1708021792.0,1708022325.0,1708022077.0,1708022253.0,63.0,1708022325.0,1708022330.0,10.0,,665.0,533.0,5.0,69.0,160605089.0,176.0,11234.0,poseidon,condorpool,poseidon-worker-2-container-16-19,mrtV2,/opt/mrtV2/mrtV2,,0.1,0,0,0.0,445486.0,0.0,491.0,0.0,0.0,0.1,14849.5,
mrtV2_ID0000081,None,compute,0,1708021117.0,,,1708021127.0,1708021835.0,1708021904.0,4305010.8,1708021792.0,1708022325.0,1708022154.0,1708022254.0,95.0,1708022325.0,1708022330.0,10.0,,665.0,533.0,5.0,69.0,160605089.0,100.0,9561.0,poseidon,condorpool,poseidon-worker-2-container-0-3,mrtV2,/opt/mrtV2/mrtV2,,0.1,0,0,0.0,276426.0,0.0,466.0,0.0,0.0,0.0,9214.2,
merged_netcdf2png_ID0000042,None,compute,0,1708021117.0,,,1708021128.0,1708021798.0,1708022039.0,974216.2,1708021758.0,1708022370.0,1708022248.0,1708022308.0,363.0,1708022370.0,1708022375.0,11.0,,630.0,612.0,5.0,241.0,160656166.0,60.0,21762.0,poseidon,condorpool,poseidon-worker-1-container-44-47,merged_netcdf2png,/opt/netcdf2png/merged_netcdf2png,,0.2,0,0,,,,,,,,,
merged_netcdf2png_ID0000043,None,compute,0,1708021117.0,,,1708021128.0,1708021798.0,1708021955.0,2180860.6,1708021758.0,1708022250.0,1708022031.0,1708022117.0,252.0,1708022250.0,1708022255.0,11.0,,630.0,492.0,5.0,157.0,160656166.0,86.0,21746.0,poseidon,condorpool,poseidon-worker-1-container-8-11,merged_netcdf2png,/opt/netcdf2png/merged_netcdf2png,,0.2,0,0,0.0,322008.0,0.0,433.0,0.0,0.0,0.1,10733.6,
mrtV2_ID0000002,None,compute,0,1708021117.0,,,1708021128.0,1708021952.0,1708022044.0,2682609.3,1708021794.0,1708022370.0,1708022248.0,1708022334.0,125.0,1708022370.0,1708022375.0,11.0,,666.0,576.0,5.0,92.0,160605089.0,86.0,10782.0,poseidon,condorpool,poseidon-worker-1-container-16-19,mrtV2,/opt/mrtV2/mrtV2,,0.1,0,0,,,,,,,,,
merged_netcdf2png_ID0000048,hdd_5,compute,0,1708021117.0,,,1708021128.0,1708021798.0,1708021999.0,1360882.0,1708021757.0,1708022250.0,1708022031.0,1708022117.0,250.0,1708022250.0,1708022255.0,11.0,,629.0,493.0,5.0,201.0,160656166.0,86.0,21427.0,poseidon,condorpool,poseidon-worker-1-container-4-7,merged_netcdf2png,/opt/netcdf2png/merged_netcdf2png,,0.1,0,0,,,,,,,,,
merged_netcdf2png_ID0000049,None,compute,0,1708021117.0,,,1708021128.0,1708021793.0,1708021904.0,2042132.6,1708021789.0,1708022325.0,1708022253.0,1708022257.0,5849.0,1708022325.0,1708022330.0,11.0,,661.0,536.0,5.0,111.0,160656166.0,4.0,21639.0,poseidon,condorpool,poseidon-worker-2-container-40-43,merged_netcdf2png,/opt/netcdf2png/merged_netcdf2png,,0.1,0,0,0.0,309702.0,0.0,534.0,0.0,0.0,0.0,10323.4,
merged_netcdf2png_ID0000044,None,compute,0,1708021117.0,,,1708021128.0,1708021793.0,1708021902.0,2853486.2,1708021728.0,1708022325.0,1708022253.0,1708022257.0,5908.0,1708022325.0,1708022330.0,11.0,,600.0,597.0,5.0,109.0,160656166.0,4.0,21787.0,poseidon,condorpool,poseidon-worker-2-container-40-43,merged_netcdf2png,/opt/netcdf2png/merged_netcdf2png,,0.1,0,0,0.0,309436.0,0.0,533.0,0.0,0.0,0.0,10314.5,
mrtV2_ID0000008,None,compute,0,1708021117.0,,,1708021128.0,1708021794.0,1708022154.0,879810.7,1708021792.0,1708022325.0,1708022253.0,1708022257.0,2409.0,1708022325.0,1708022330.0,11.0,,664.0,533.0,5.0,360.0,160605089.0,4.0,8750.0,poseidon,condorpool,poseidon-worker-2-container-32-35,mrtV2,/opt/mrtV2/mrtV2,,0.1,0,0,,,,,,,,,
mrtV2_ID0000007,None,compute,0,1708021117.0,,,1708021128.0,1708021899.0,1708022154.0,1712758.4,1708021838.0,1708022325.0,1708022253.0,1708022256.0,3034.0,1708022325.0,1708022330.0,11.0,,710.0,487.0,5.0,255.0,160605089.0,3.0,8969.0,poseidon,condorpool,poseidon-worker-2-container-0-3,mrtV2,/opt/mrtV2/mrtV2,,0.1,0,0,,,,,,,,,
merged_netcdf2png_ID0000045,None,compute,0,1708021117.0,,,1708021128.0,1708021793.0,1708021902.0,2842775.1,1708021728.0,1708022325.0,1708022253.0,1708022257.0,5795.0,1708022325.0,1708022330.0,11.0,,600.0,597.0,5.0,109.0,160656166.0,4.0,21458.0,poseidon,condorpool,poseidon-worker-2-container-40-43,merged_netcdf2png,/opt/netcdf2png/merged_netcdf2png,,0.1,0,0,0.0,311076.0,0.0,537.0,0.0,0.0,0.0,10369.2,
mrtV2_ID0000005,None,compute,0,1708021117.0,,,1708021128.0,1708021800.0,1708022039.0,984197.4,1708021757.0,1708022370.0,1708022248.0,1708022251.0,3547.0,1708022370.0,1708022375.0,11.0,,629.0,613.0,5.0,239.0,160605089.0,3.0,11624.0,poseidon,condorpool,poseidon-worker-1-container-32-35,mrtV2,/opt/mrtV2/mrtV2,,0.1,0,0,,,,,,,,,
mrtV2_ID0000009,None,compute,0,1708021117.0,,,1708021128.0,1708021794.0,1708021899.0,2187010.8,1708021792.0,1708022325.0,1708022045.0,1708022253.0,48.0,1708022325.0,1708022330.0,11.0,,664.0,533.0,5.0,105.0,160605089.0,208.0,10114.0,poseidon,condorpool,poseidon-worker-2-container-36-39,mrtV2,/opt/mrtV2/mrtV2,,0.1,0,0,,,,,,,,,
merged_netcdf2png_ID0000046,None,compute,0,1708021117.0,,,1708021128.0,1708021794.0,1708021904.0,2051738.7,1708021792.0,1708022325.0,1708022253.0,1708022257.0,5732.0,1708022325.0,1708022330.0,11.0,,664.0,533.0,5.0,110.0,160656166.0,4.0,21645.0,poseidon,condorpool,poseidon-worker-2-container-16-19,merged_netcdf2png,/opt/netcdf2png/merged_netcdf2png,,0.1,0,0,0.0,297337.0,0.0,507.0,0.0,0.0,0.0,9911.2,
mrtV2_ID0000085,None,compute,0,1708021117.0,,,1708021127.0,1708021835.0,1708021904.0,4315354.0,1708021792.0,1708022325.0,1708022253.0,1708022257.0,2915.0,1708022325.0,1708022330.0,10.0,,665.0,533.0,5.0,69.0,160605089.0,4.0,10680.0,poseidon,condorpool,poseidon-worker-2-container-8-11,mrtV2,/opt/mrtV2/mrtV2,,0.1,0,0,,,,,,,,,
mrtV2_ID0000086,None,compute,0,1708021117.0,,,1708021127.0,1708021793.0,1708021904.0,2026457.4,1708021763.0,1708022325.0,1708022077.0,1708022253.0,51.0,1708022325.0,1708022330.0,10.0,,636.0,562.0,5.0,111.0,160605089.0,176.0,9170.0,poseidon,condorpool,poseidon-worker-2-container-20-23,mrtV2,/opt/mrtV2/mrtV2,,0.1,0,0,0.0,437149.0,0.0,473.0,0.0,0.0,0.1,14571.6,
mrtV2_ID0000083,hdd_5,compute,0,1708021117.0,,,1708021127.0,1708021840.0,1708022154.0,1178807.6,1708021793.0,1708022476.0,1708022253.0,1708022438.0,109.0,1708022476.0,1708022481.0,10.0,,666.0,683.0,5.0,314.0,160605089.0,185.0,20202.0,poseidon,condorpool,poseidon-worker-2-container-44-47,mrtV2,/opt/mrtV2/mrtV2,,0.1,0,0,,,,,,,,,
mrtV2_ID0000080,None,compute,0,1708021117.0,,,1708021127.0,1708021835.0,1708022154.0,1138459.5,1708021792.0,1708022325.0,1708022253.0,1708022257.0,2408.0,1708022325.0,1708022330.0,10.0,,665.0,533.0,5.0,319.0,160605089.0,4.0,8681.0,poseidon,condorpool,poseidon-worker-2-container-4-7,mrtV2,/opt/mrtV2/mrtV2,,0.1,0,0,,,,,,,,,
merged_netcdf2png_ID0000119,None,compute,0,1708021117.0,,,1708021127.0,1708021835.0,1708021904.0,4445776.3,1708021792.0,1708022325.0,1708022253.0,1708022257.0,5798.0,1708022325.0,1708022330.0,10.0,,665.0,533.0,5.0,69.0,160656166.0,4.0,21230.0,poseidon,condorpool,poseidon-worker-2-container-40-43,merged_netcdf2png,/opt/netcdf2png/merged_netcdf2png,,0.1,0,0,,,,,,,,,
merged_netcdf2png_ID0000118,None,compute,0,1708021117.0,,,1708021127.0,1708021835.0,1708021904.0,4355130.3,1708021792.0,1708022325.0,1708022253.0,1708022257.0,5778.0,1708022325.0,1708022330.0,10.0,,665.0,533.0,5.0,69.0,160656166.0,4.0,21605.0,poseidon,condorpool,poseidon-worker-2-container-32-35,merged_netcdf2png,/opt/netcdf2png/merged_netcdf2png,,0.1,0,0,0.0,267129.0,0.0,441.0,0.0,0.0,0.0,8904.3,
merged_netcdf2png_ID0000047,None,compute,0,1708021117.0,,,1708021128.0,1708021835.0,1708021904.0,4337018.5,1708021792.0,1708022325.0,1708022253.0,1708022257.0,5768.0,1708022325.0,1708022330.0,11.0,,664.0,533.0,5.0,69.0,160656166.0,4.0,21699.0,poseidon,condorpool,poseidon-worker-2-container-4-7,merged_netcdf2png,/opt/netcdf2png/merged_netcdf2png,,0.1,0,0,0.0,363503.0,0.0,523.0,0.0,0.0,0.1,12116.8,
mrtV2_ID0000084,hdd_5,compute,0,1708021117.0,,,1708021127.0,1708021794.0,1708022154.0,879333.3,1708021792.0,1708022325.0,1708022253.0,1708022257.0,2824.0,1708022325.0,1708022330.0,10.0,,665.0,533.0,5.0,360.0,160605089.0,4.0,10133.0,poseidon,condorpool,poseidon-worker-2-container-44-47,mrtV2,/opt/mrtV2/mrtV2,,0.1,0,0,,,,,,,,,
stage_out_local_condorpool_1_37,None,transfer,0,1708023143.0,,,1708023148.0,,,0.0,1708023149.0,1708023153.0,,,0.0,1708023153.0,1708023158.0,5.0,,1.0,4.0,5.0,,,,,poseidon,local,poseidon-submit,pegasus::transfer,/mnt/poseidon-data/poseidon/pegasus-5.1.0panorama/bin/pegasus-transfer,/home/poseidon/pegasus-5.1.0panorama/bin/../bin/pegasus-kickstart  -n pegasus::transfer -N null -i - -R local  -L casa-nowcast-small -T 2024-01-31T00:08:22+00:00 /home/poseidon/pegasus-5.1.0panorama/bin/../bin/pegasus-transfer  --threads 2,1.0,0,0,,,,,,,,,
stage_out_local_condorpool_1_9,None,transfer,0,1708023278.0,,,1708023283.0,,,0.0,1708023283.0,1708023289.0,,,0.0,1708023289.0,1708023294.0,5.0,,0.0,6.0,5.0,,,,,poseidon,local,poseidon-submit,pegasus::transfer,/mnt/poseidon-data/poseidon/pegasus-5.1.0panorama/bin/pegasus-transfer,/home/poseidon/pegasus-5.1.0panorama/bin/../bin/pegasus-kickstart  -n pegasus::transfer -N null -i - -R local  -L casa-nowcast-small -T 2024-01-31T00:08:22+00:00 /home/poseidon/pegasus-5.1.0panorama/bin/../bin/pegasus-transfer  --threads 2,1.1,0,0,,,,,,,,,
stage_out_local_condorpool_1_3,None,transfer,0,1708023278.0,,,1708023283.0,,,0.0,1708023283.0,1708023289.0,,,0.0,1708023289.0,1708023294.0,5.0,,0.0,6.0,5.0,,,,,poseidon,local,poseidon-submit,pegasus::transfer,/mnt/poseidon-data/poseidon/pegasus-5.1.0panorama/bin/pegasus-transfer,/home/poseidon/pegasus-5.1.0panorama/bin/../bin/pegasus-kickstart  -n pegasus::transfer -N null -i - -R local  -L casa-nowcast-small -T 2024-01-31T00:08:22+00:00 /home/poseidon/pegasus-5.1.0panorama/bin/../bin/pegasus-transfer  --threads 2,1.1,0,0,,,,,,,,,
stage_out_local_condorpool_1_6,None,transfer,0,1708023278.0,,,1708023283.0,,,0.0,1708023283.0,1708023289.0,,,0.0,1708023289.0,1708023294.0,5.0,,0.0,6.0,5.0,,,,,poseidon,local,poseidon-submit,pegasus::transfer,/mnt/poseidon-data/poseidon/pegasus-5.1.0panorama/bin/pegasus-transfer,/home/poseidon/pegasus-5.1.0panorama/bin/../bin/pegasus-kickstart  -n pegasus::transfer -N null -i - -R local  -L casa-nowcast-small -T 2024-01-31T00:08:22+00:00 /home/poseidon/pegasus-5.1.0panorama/bin/../bin/pegasus-transfer  --threads 2,1.1,0,0,,,,,,,,,
stage_out_local_condorpool_1_7,None,transfer,0,1708023278.0,,,1708023283.0,,,0.0,1708023283.0,1708023289.0,,,0.0,1708023289.0,1708023294.0,5.0,,0.0,6.0,5.0,,,,,poseidon,local,poseidon-submit,pegasus::transfer,/mnt/poseidon-data/poseidon/pegasus-5.1.0panorama/bin/pegasus-transfer,/home/poseidon/pegasus-5.1.0panorama/bin/../bin/pegasus-kickstart  -n pegasus::transfer -N null -i - -R local  -L casa-nowcast-small -T 2024-01-31T00:08:22+00:00 /home/poseidon/pegasus-5.1.0panorama/bin/../bin/pegasus-transfer  --threads 2,1.1,0,0,,,,,,,,,
stage_out_local_condorpool_1_8,None,transfer,0,1708023278.0,,,1708023283.0,,,0.0,1708023283.0,1708023289.0,,,0.0,1708023289.0,1708023294.0,5.0,,0.0,6.0,5.0,,,,,poseidon,local,poseidon-submit,pegasus::transfer,/mnt/poseidon-data/poseidon/pegasus-5.1.0panorama/bin/pegasus-transfer,/home/poseidon/pegasus-5.1.0panorama/bin/../bin/pegasus-kickstart  -n pegasus::transfer -N null -i - -R local  -L casa-nowcast-small -T 2024-01-31T00:08:22+00:00 /home/poseidon/pegasus-5.1.0panorama/bin/../bin/pegasus-transfer  --threads 2,1.1,0,0,,,,,,,,,
stage_out_local_condorpool_1_2,None,transfer,0,1708023278.0,,,1708023283.0,,,0.0,1708023283.0,1708023289.0,,,0.0,1708023289.0,1708023294.0,5.0,,0.0,6.0,5.0,,,,,poseidon,local,poseidon-submit,pegasus::transfer,/mnt/poseidon-data/poseidon/pegasus-5.1.0panorama/bin/pegasus-transfer,/home/poseidon/pegasus-5.1.0panorama/bin/../bin/pegasus-kickstart  -n pegasus::transfer -N null -i - -R local  -L casa-nowcast-small -T 2024-01-31T00:08:22+00:00 /home/poseidon/pegasus-5.1.0panorama/bin/../bin/pegasus-transfer  --threads 2,1.1,0,0,,,,,,,,,
stage_out_local_condorpool_1_1,None,transfer,0,1708023278.0,,,1708023283.0,,,0.0,1708023283.0,1708023289.0,,,0.0,1708023289.0,1708023294.0,5.0,,0.0,6.0,5.0,,,,,poseidon,local,poseidon-submit,pegasus::transfer,/mnt/poseidon-data/poseidon/pegasus-5.1.0panorama/bin/pegasus-transfer,/home/poseidon/pegasus-5.1.0panorama/bin/../bin/pegasus-kickstart  -n pegasus::transfer -N null -i - -R local  -L casa-nowcast-small -T 2024-01-31T00:08:22+00:00 /home/poseidon/pegasus-5.1.0panorama/bin/../bin/pegasus-transfer  --threads 2,1.1,0,0,,,,,,,,,
stage_out_local_condorpool_1_0,None,transfer,0,1708023278.0,,,1708023283.0,,,0.0,1708023283.0,1708023289.0,,,0.0,1708023289.0,1708023294.0,5.0,,0.0,6.0,5.0,,,,,poseidon,local,poseidon-submit,pegasus::transfer,/mnt/poseidon-data/poseidon/pegasus-5.1.0panorama/bin/pegasus-transfer,/home/poseidon/pegasus-5.1.0panorama/bin/../bin/pegasus-kickstart  -n pegasus::transfer -N null -i - -R local  -L casa-nowcast-small -T 2024-01-31T00:08:22+00:00 /home/poseidon/pegasus-5.1.0panorama/bin/../bin/pegasus-transfer  --threads 2,1.1,0,0,,,,,,,,,
stage_out_local_condorpool_1_18,None,transfer,0,1708023278.0,,,1708023283.0,,,0.0,1708023283.0,1708023289.0,,,0.0,1708023289.0,1708023294.0,5.0,,0.0,6.0,5.0,,,,,poseidon,local,poseidon-submit,pegasus::transfer,/mnt/poseidon-data/poseidon/pegasus-5.1.0panorama/bin/pegasus-transfer,/home/poseidon/pegasus-5.1.0panorama/bin/../bin/pegasus-kickstart  -n pegasus::transfer -N null -i - -R local  -L casa-nowcast-small -T 2024-01-31T00:08:22+00:00 /home/poseidon/pegasus-5.1.0panorama/bin/../bin/pegasus-transfer  --threads 2,1.1,0,0,,,,,,,,,
stage_out_local_condorpool_1_5,None,transfer,0,1708023283.0,,,1708023294.0,,,0.0,1708023294.0,1708023299.0,,,0.0,1708023299.0,1708023304.0,11.0,,0.0,5.0,5.0,,,,,poseidon,local,poseidon-submit,pegasus::transfer,/mnt/poseidon-data/poseidon/pegasus-5.1.0panorama/bin/pegasus-transfer,/home/poseidon/pegasus-5.1.0panorama/bin/../bin/pegasus-kickstart  -n pegasus::transfer -N null -i - -R local  -L casa-nowcast-small -T 2024-01-31T00:08:22+00:00 /home/poseidon/pegasus-5.1.0panorama/bin/../bin/pegasus-transfer  --threads 2,1.0,0,0,,,,,,,,,
stage_out_local_condorpool_1_4,None,transfer,0,1708023283.0,,,1708023288.0,,,0.0,1708023289.0,1708023294.0,,,0.0,1708023294.0,1708023299.0,5.0,,1.0,5.0,5.0,,,,,poseidon,local,poseidon-submit,pegasus::transfer,/mnt/poseidon-data/poseidon/pegasus-5.1.0panorama/bin/pegasus-transfer,/home/poseidon/pegasus-5.1.0panorama/bin/../bin/pegasus-kickstart  -n pegasus::transfer -N null -i - -R local  -L casa-nowcast-small -T 2024-01-31T00:08:22+00:00 /home/poseidon/pegasus-5.1.0panorama/bin/../bin/pegasus-transfer  --threads 2,1.1,0,0,,,,,,,,,
stage_out_local_condorpool_1_12,None,transfer,0,1708023289.0,,,1708023294.0,,,0.0,1708023294.0,1708023299.0,,,0.0,1708023299.0,1708023304.0,5.0,,0.0,5.0,5.0,,,,,poseidon,local,poseidon-submit,pegasus::transfer,/mnt/poseidon-data/poseidon/pegasus-5.1.0panorama/bin/pegasus-transfer,/home/poseidon/pegasus-5.1.0panorama/bin/../bin/pegasus-kickstart  -n pegasus::transfer -N null -i - -R local  -L casa-nowcast-small -T 2024-01-31T00:08:22+00:00 /home/poseidon/pegasus-5.1.0panorama/bin/../bin/pegasus-transfer  --threads 2,1.0,0,0,,,,,,,,,
stage_out_local_condorpool_1_11,None,transfer,0,1708023299.0,,,1708023304.0,,,0.0,1708023304.0,1708023314.0,,,0.0,1708023314.0,1708023319.0,5.0,,0.0,10.0,5.0,,,,,poseidon,local,poseidon-submit,pegasus::transfer,/mnt/poseidon-data/poseidon/pegasus-5.1.0panorama/bin/pegasus-transfer,/home/poseidon/pegasus-5.1.0panorama/bin/../bin/pegasus-kickstart  -n pegasus::transfer -N null -i - -R local  -L casa-nowcast-small -T 2024-01-31T00:08:22+00:00 /home/poseidon/pegasus-5.1.0panorama/bin/../bin/pegasus-transfer  --threads 2,1.1,0,0,,,,,,,,,
stage_out_local_condorpool_1_10,None,transfer,0,1708023299.0,,,1708023304.0,,,0.0,1708023304.0,1708023314.0,,,0.0,1708023314.0,1708023319.0,5.0,,0.0,10.0,5.0,,,,,poseidon,local,poseidon-submit,pegasus::transfer,/mnt/poseidon-data/poseidon/pegasus-5.1.0panorama/bin/pegasus-transfer,/home/poseidon/pegasus-5.1.0panorama/bin/../bin/pegasus-kickstart  -n pegasus::transfer -N null -i - -R local  -L casa-nowcast-small -T 2024-01-31T00:08:22+00:00 /home/poseidon/pegasus-5.1.0panorama/bin/../bin/pegasus-transfer  --threads 2,1.1,0,0,,,,,,,,,
stage_out_local_condorpool_1_14,None,transfer,0,1708023309.0,,,1708023319.0,,,0.0,1708023319.0,1708023324.0,,,0.0,1708023324.0,1708023329.0,10.0,,0.0,5.0,5.0,,,,,poseidon,local,poseidon-submit,pegasus::transfer,/mnt/poseidon-data/poseidon/pegasus-5.1.0panorama/bin/pegasus-transfer,/home/poseidon/pegasus-5.1.0panorama/bin/../bin/pegasus-kickstart  -n pegasus::transfer -N null -i - -R local  -L casa-nowcast-small -T 2024-01-31T00:08:22+00:00 /home/poseidon/pegasus-5.1.0panorama/bin/../bin/pegasus-transfer  --threads 2,1.0,0,0,,,,,,,,,
stage_out_local_condorpool_1_15,None,transfer,0,1708023309.0,,,1708023314.0,,,0.0,1708023314.0,1708023319.0,,,0.0,1708023319.0,1708023324.0,5.0,,0.0,5.0,5.0,,,,,poseidon,local,poseidon-submit,pegasus::transfer,/mnt/poseidon-data/poseidon/pegasus-5.1.0panorama/bin/pegasus-transfer,/home/poseidon/pegasus-5.1.0panorama/bin/../bin/pegasus-kickstart  -n pegasus::transfer -N null -i - -R local  -L casa-nowcast-small -T 2024-01-31T00:08:22+00:00 /home/poseidon/pegasus-5.1.0panorama/bin/../bin/pegasus-transfer  --threads 2,1.1,0,0,,,,,,,,,
stage_out_local_condorpool_1_16,None,transfer,0,1708023309.0,,,1708023339.0,,,0.0,1708023339.0,1708023344.0,,,0.0,1708023344.0,1708023349.0,30.0,,0.0,5.0,5.0,,,,,poseidon,local,poseidon-submit,pegasus::transfer,/mnt/poseidon-data/poseidon/pegasus-5.1.0panorama/bin/pegasus-transfer,/home/poseidon/pegasus-5.1.0panorama/bin/../bin/pegasus-kickstart  -n pegasus::transfer -N null -i - -R local  -L casa-nowcast-small -T 2024-01-31T00:08:22+00:00 /home/poseidon/pegasus-5.1.0panorama/bin/../bin/pegasus-transfer  --threads 2,1.0,0,0,,,,,,,,,
stage_out_local_condorpool_1_17,None,transfer,0,1708023309.0,,,1708023314.0,,,0.0,1708023314.0,1708023319.0,,,0.0,1708023319.0,1708023324.0,5.0,,0.0,5.0,5.0,,,,,poseidon,local,poseidon-submit,pegasus::transfer,/mnt/poseidon-data/poseidon/pegasus-5.1.0panorama/bin/pegasus-transfer,/home/poseidon/pegasus-5.1.0panorama/bin/../bin/pegasus-kickstart  -n pegasus::transfer -N null -i - -R local  -L casa-nowcast-small -T 2024-01-31T00:08:22+00:00 /home/poseidon/pegasus-5.1.0panorama/bin/../bin/pegasus-transfer  --threads 2,1.2,0,0,,,,,,,,,
stage_out_local_condorpool_1_13,None,transfer,0,1708023309.0,,,1708023324.0,,,0.0,1708023324.0,1708023334.0,,,0.0,1708023334.0,1708023339.0,15.0,,0.0,10.0,5.0,,,,,poseidon,local,poseidon-submit,pegasus::transfer,/mnt/poseidon-data/poseidon/pegasus-5.1.0panorama/bin/pegasus-transfer,/home/poseidon/pegasus-5.1.0panorama/bin/../bin/pegasus-kickstart  -n pegasus::transfer -N null -i - -R local  -L casa-nowcast-small -T 2024-01-31T00:08:22+00:00 /home/poseidon/pegasus-5.1.0panorama/bin/../bin/pegasus-transfer  --threads 2,1.1,0,0,,,,,,,,,
stage_out_local_condorpool_1_28,None,transfer,0,1708023309.0,,,1708023314.0,,,0.0,1708023314.0,1708023319.0,,,0.0,1708023319.0,1708023324.0,5.0,,0.0,5.0,5.0,,,,,poseidon,local,poseidon-submit,pegasus::transfer,/mnt/poseidon-data/poseidon/pegasus-5.1.0panorama/bin/pegasus-transfer,/home/poseidon/pegasus-5.1.0panorama/bin/../bin/pegasus-kickstart  -n pegasus::transfer -N null -i - -R local  -L casa-nowcast-small -T 2024-01-31T00:08:22+00:00 /home/poseidon/pegasus-5.1.0panorama/bin/../bin/pegasus-transfer  --threads 2,1.1,0,0,,,,,,,,,
stage_out_local_condorpool_1_35,None,transfer,0,1708023309.0,,,1708023324.0,,,0.0,1708023324.0,1708023334.0,,,0.0,1708023334.0,1708023339.0,15.0,,0.0,10.0,5.0,,,,,poseidon,local,poseidon-submit,pegasus::transfer,/mnt/poseidon-data/poseidon/pegasus-5.1.0panorama/bin/pegasus-transfer,/home/poseidon/pegasus-5.1.0panorama/bin/../bin/pegasus-kickstart  -n pegasus::transfer -N null -i - -R local  -L casa-nowcast-small -T 2024-01-31T00:08:22+00:00 /home/poseidon/pegasus-5.1.0panorama/bin/../bin/pegasus-transfer  --threads 2,1.0,0,0,,,,,,,,,
stage_out_local_condorpool_1_19,None,transfer,0,1708023309.0,,,1708023324.0,,,0.0,1708023324.0,1708023334.0,,,0.0,1708023334.0,1708023339.0,15.0,,0.0,10.0,5.0,,,,,poseidon,local,poseidon-submit,pegasus::transfer,/mnt/poseidon-data/poseidon/pegasus-5.1.0panorama/bin/pegasus-transfer,/home/poseidon/pegasus-5.1.0panorama/bin/../bin/pegasus-kickstart  -n pegasus::transfer -N null -i - -R local  -L casa-nowcast-small -T 2024-01-31T00:08:22+00:00 /home/poseidon/pegasus-5.1.0panorama/bin/../bin/pegasus-transfer  --threads 2,1.1,0,0,,,,,,,,,
stage_out_local_condorpool_1_20,None,transfer,0,1708023309.0,,,1708023324.0,,,0.0,1708023324.0,1708023334.0,,,0.0,1708023334.0,1708023339.0,15.0,,0.0,10.0,5.0,,,,,poseidon,local,poseidon-submit,pegasus::transfer,/mnt/poseidon-data/poseidon/pegasus-5.1.0panorama/bin/pegasus-transfer,/home/poseidon/pegasus-5.1.0panorama/bin/../bin/pegasus-kickstart  -n pegasus::transfer -N null -i - -R local  -L casa-nowcast-small -T 2024-01-31T00:08:22+00:00 /home/poseidon/pegasus-5.1.0panorama/bin/../bin/pegasus-transfer  --threads 2,1.1,0,0,,,,,,,,,
stage_out_local_condorpool_1_21,None,transfer,0,1708023309.0,,,1708023314.0,,,0.0,1708023314.0,1708023319.0,,,0.0,1708023319.0,1708023324.0,5.0,,0.0,5.0,5.0,,,,,poseidon,local,poseidon-submit,pegasus::transfer,/mnt/poseidon-data/poseidon/pegasus-5.1.0panorama/bin/pegasus-transfer,/home/poseidon/pegasus-5.1.0panorama/bin/../bin/pegasus-kickstart  -n pegasus::transfer -N null -i - -R local  -L casa-nowcast-small -T 2024-01-31T00:08:22+00:00 /home/poseidon/pegasus-5.1.0panorama/bin/../bin/pegasus-transfer  --threads 2,1.2,0,0,,,,,,,,,
stage_out_local_condorpool_1_24,None,transfer,0,1708023309.0,,,1708023314.0,,,0.0,1708023314.0,1708023319.0,,,0.0,1708023319.0,1708023324.0,5.0,,0.0,5.0,5.0,,,,,poseidon,local,poseidon-submit,pegasus::transfer,/mnt/poseidon-data/poseidon/pegasus-5.1.0panorama/bin/pegasus-transfer,/home/poseidon/pegasus-5.1.0panorama/bin/../bin/pegasus-kickstart  -n pegasus::transfer -N null -i - -R local  -L casa-nowcast-small -T 2024-01-31T00:08:22+00:00 /home/poseidon/pegasus-5.1.0panorama/bin/../bin/pegasus-transfer  --threads 2,1.2,0,0,,,,,,,,,
stage_out_local_condorpool_1_25,None,transfer,0,1708023309.0,,,1708023314.0,,,0.0,1708023314.0,1708023319.0,,,0.0,1708023319.0,1708023324.0,5.0,,0.0,5.0,5.0,,,,,poseidon,local,poseidon-submit,pegasus::transfer,/mnt/poseidon-data/poseidon/pegasus-5.1.0panorama/bin/pegasus-transfer,/home/poseidon/pegasus-5.1.0panorama/bin/../bin/pegasus-kickstart  -n pegasus::transfer -N null -i - -R local  -L casa-nowcast-small -T 2024-01-31T00:08:22+00:00 /home/poseidon/pegasus-5.1.0panorama/bin/../bin/pegasus-transfer  --threads 2,1.1,0,0,,,,,,,,,
stage_out_local_condorpool_1_36,None,transfer,0,1708023309.0,,,1708023314.0,,,0.0,1708023314.0,1708023319.0,,,0.0,1708023319.0,1708023324.0,5.0,,0.0,5.0,5.0,,,,,poseidon,local,poseidon-submit,pegasus::transfer,/mnt/poseidon-data/poseidon/pegasus-5.1.0panorama/bin/pegasus-transfer,/home/poseidon/pegasus-5.1.0panorama/bin/../bin/pegasus-kickstart  -n pegasus::transfer -N null -i - -R local  -L casa-nowcast-small -T 2024-01-31T00:08:22+00:00 /home/poseidon/pegasus-5.1.0panorama/bin/../bin/pegasus-transfer  --threads 2,1.0,0,0,,,,,,,,,
stage_out_local_condorpool_1_26,None,transfer,0,1708023309.0,,,1708023324.0,,,0.0,1708023324.0,1708023334.0,,,0.0,1708023334.0,1708023339.0,15.0,,0.0,10.0,5.0,,,,,poseidon,local,poseidon-submit,pegasus::transfer,/mnt/poseidon-data/poseidon/pegasus-5.1.0panorama/bin/pegasus-transfer,/home/poseidon/pegasus-5.1.0panorama/bin/../bin/pegasus-kickstart  -n pegasus::transfer -N null -i - -R local  -L casa-nowcast-small -T 2024-01-31T00:08:22+00:00 /home/poseidon/pegasus-5.1.0panorama/bin/../bin/pegasus-transfer  --threads 2,1.1,0,0,,,,,,,,,
stage_out_local_condorpool_1_29,None,transfer,0,1708023309.0,,,1708023324.0,,,0.0,1708023324.0,1708023334.0,,,0.0,1708023334.0,1708023339.0,15.0,,0.0,10.0,5.0,,,,,poseidon,local,poseidon-submit,pegasus::transfer,/mnt/poseidon-data/poseidon/pegasus-5.1.0panorama/bin/pegasus-transfer,/home/poseidon/pegasus-5.1.0panorama/bin/../bin/pegasus-kickstart  -n pegasus::transfer -N null -i - -R local  -L casa-nowcast-small -T 2024-01-31T00:08:22+00:00 /home/poseidon/pegasus-5.1.0panorama/bin/../bin/pegasus-transfer  --threads 2,1.1,0,0,,,,,,,,,
stage_out_local_condorpool_1_30,None,transfer,0,1708023309.0,,,1708023324.0,,,0.0,1708023324.0,1708023334.0,,,0.0,1708023334.0,1708023339.0,15.0,,0.0,10.0,5.0,,,,,poseidon,local,poseidon-submit,pegasus::transfer,/mnt/poseidon-data/poseidon/pegasus-5.1.0panorama/bin/pegasus-transfer,/home/poseidon/pegasus-5.1.0panorama/bin/../bin/pegasus-kickstart  -n pegasus::transfer -N null -i - -R local  -L casa-nowcast-small -T 2024-01-31T00:08:22+00:00 /home/poseidon/pegasus-5.1.0panorama/bin/../bin/pegasus-transfer  --threads 2,1.0,0,0,,,,,,,,,
stage_out_local_condorpool_1_31,None,transfer,0,1708023309.0,,,1708023319.0,,,0.0,1708023319.0,1708023324.0,,,0.0,1708023324.0,1708023329.0,10.0,,0.0,5.0,5.0,,,,,poseidon,local,poseidon-submit,pegasus::transfer,/mnt/poseidon-data/poseidon/pegasus-5.1.0panorama/bin/pegasus-transfer,/home/poseidon/pegasus-5.1.0panorama/bin/../bin/pegasus-kickstart  -n pegasus::transfer -N null -i - -R local  -L casa-nowcast-small -T 2024-01-31T00:08:22+00:00 /home/poseidon/pegasus-5.1.0panorama/bin/../bin/pegasus-transfer  --threads 2,1.0,0,0,,,,,,,,,
stage_out_local_condorpool_1_32,None,transfer,0,1708023309.0,,,1708023329.0,,,0.0,1708023329.0,1708023334.0,,,0.0,1708023334.0,1708023339.0,20.0,,0.0,5.0,5.0,,,,,poseidon,local,poseidon-submit,pegasus::transfer,/mnt/poseidon-data/poseidon/pegasus-5.1.0panorama/bin/pegasus-transfer,/home/poseidon/pegasus-5.1.0panorama/bin/../bin/pegasus-kickstart  -n pegasus::transfer -N null -i - -R local  -L casa-nowcast-small -T 2024-01-31T00:08:22+00:00 /home/poseidon/pegasus-5.1.0panorama/bin/../bin/pegasus-transfer  --threads 2,0.9,0,0,,,,,,,,,
stage_out_local_condorpool_1_33,None,transfer,0,1708023309.0,,,1708023324.0,,,0.0,1708023324.0,1708023334.0,,,0.0,1708023334.0,1708023339.0,15.0,,0.0,10.0,5.0,,,,,poseidon,local,poseidon-submit,pegasus::transfer,/mnt/poseidon-data/poseidon/pegasus-5.1.0panorama/bin/pegasus-transfer,/home/poseidon/pegasus-5.1.0panorama/bin/../bin/pegasus-kickstart  -n pegasus::transfer -N null -i - -R local  -L casa-nowcast-small -T 2024-01-31T00:08:22+00:00 /home/poseidon/pegasus-5.1.0panorama/bin/../bin/pegasus-transfer  --threads 2,1.0,0,0,,,,,,,,,
stage_out_local_condorpool_1_34,None,transfer,0,1708023309.0,,,1708023329.0,,,0.0,1708023329.0,1708023334.0,,,0.0,1708023334.0,1708023339.0,20.0,,0.0,5.0,5.0,,,,,poseidon,local,poseidon-submit,pegasus::transfer,/mnt/poseidon-data/poseidon/pegasus-5.1.0panorama/bin/pegasus-transfer,/home/poseidon/pegasus-5.1.0panorama/bin/../bin/pegasus-kickstart  -n pegasus::transfer -N null -i - -R local  -L casa-nowcast-small -T 2024-01-31T00:08:22+00:00 /home/poseidon/pegasus-5.1.0panorama/bin/../bin/pegasus-transfer  --threads 2,1.0,0,0,,,,,,,,,
stage_out_local_condorpool_1_27,None,transfer,0,1708023309.0,,,1708023314.0,,,0.0,1708023314.0,1708023319.0,,,0.0,1708023319.0,1708023324.0,5.0,,0.0,5.0,5.0,,,,,poseidon,local,poseidon-submit,pegasus::transfer,/mnt/poseidon-data/poseidon/pegasus-5.1.0panorama/bin/pegasus-transfer,/home/poseidon/pegasus-5.1.0panorama/bin/../bin/pegasus-kickstart  -n pegasus::transfer -N null -i - -R local  -L casa-nowcast-small -T 2024-01-31T00:08:22+00:00 /home/poseidon/pegasus-5.1.0panorama/bin/../bin/pegasus-transfer  --threads 2,1.1,0,0,,,,,,,,,
stage_out_local_condorpool_1_23,None,transfer,0,1708023444.0,,,1708023449.0,,,0.0,1708023449.0,1708023454.0,,,0.0,1708023454.0,1708023459.0,5.0,,0.0,5.0,5.0,,,,,poseidon,local,poseidon-submit,pegasus::transfer,/mnt/poseidon-data/poseidon/pegasus-5.1.0panorama/bin/pegasus-transfer,/home/poseidon/pegasus-5.1.0panorama/bin/../bin/pegasus-kickstart  -n pegasus::transfer -N null -i - -R local  -L casa-nowcast-small -T 2024-01-31T00:08:22+00:00 /home/poseidon/pegasus-5.1.0panorama/bin/../bin/pegasus-transfer  --threads 2,1.1,0,0,,,,,,,,,
stage_out_local_condorpool_1_22,None,transfer,0,1708023444.0,,,1708023449.0,,,0.0,1708023449.0,1708023454.0,,,0.0,1708023454.0,1708023459.0,5.0,,0.0,5.0,5.0,,,,,poseidon,local,poseidon-submit,pegasus::transfer,/mnt/poseidon-data/poseidon/pegasus-5.1.0panorama/bin/pegasus-transfer,/home/poseidon/pegasus-5.1.0panorama/bin/../bin/pegasus-kickstart  -n pegasus::transfer -N null -i - -R local  -L casa-nowcast-small -T 2024-01-31T00:08:22+00:00 /home/poseidon/pegasus-5.1.0panorama/bin/../bin/pegasus-transfer  --threads 2,1.1,0,0,,,,,,,,,
cleanup_casa-nowcast-small_0_condorpool,None,auxiliary,0,1708023459.0,,,1708023464.0,,,0.0,1708023464.0,1708023469.0,,,0.0,1708023469.0,1708023474.0,5.0,,0.0,5.0,5.0,,,,,poseidon,local,poseidon-submit,pegasus::cleanup,/mnt/poseidon-data/poseidon/pegasus-5.1.0panorama/bin/pegasus-transfer,pegasus-kickstart  -n pegasus::cleanup -N null -i - -R local  -L casa-nowcast-small -T 2024-01-31T00:08:22+00:00 pegasus-transfer,0.3,0,0,,,,,,,,,
