,anomaly_type,type,is_clustered,ready,pre_script_start,pre_script_end,submit,stage_in_start,stage_in_end,stage_in_effective_bytes_per_sec,execute_start,execute_end,stage_out_start,stage_out_end,stage_out_effective_bytes_per_sec,post_script_start,post_script_end,wms_delay,pre_script_delay,queue_delay,runtime,post_script_delay,stage_in_delay,stage_in_bytes,stage_out_delay,stage_out_bytes,kickstart_user,kickstart_site,kickstart_hostname,kickstart_transformations,kickstart_executables,kickstart_executables_argv,kickstart_executables_cpu_time,kickstart_status,kickstart_executables_exitcode,kickstart_online_iowait,kickstart_online_bytes_read,kickstart_online_bytes_written,kickstart_online_read_system_calls,kickstart_online_write_system_calls,kickstart_online_utime,kickstart_online_stime,kickstart_online_bytes_read_per_second,kickstart_online_bytes_written_per_second
create_dir_casa-nowcast-small_0_condorpool,None,auxiliary,0,1706662162.0,,,1706662163.0,,,0.0,1706662167.0,1706662173.0,,,0.0,1706662173.0,1706662178.0,1.0,,4.0,6.0,5.0,,,,,poseidon,local,poseidon-submit,pegasus::dirmanager,/mnt/poseidon-data/poseidon/pegasus-5.1.0panorama/bin/pegasus-transfer,pegasus-kickstart  -n pegasus::dirmanager -N null -i - -R local  -L casa-nowcast-small -T 2024-01-31T00:08:22+00:00 pegasus-transfer,0.3,0,0,,,,,,,,,
NowcastToWDSS2_ID0000253,None,compute,0,1706662178.0,,,1706662183.0,1706662192.0,1706662203.0,33712766.0,1706662191.0,1706662218.0,1706662208.0,1706662212.0,1284068.0,1706662218.0,1706662223.0,5.0,,8.0,27.0,5.0,11.0,170460244.0,4.0,5023736.0,poseidon,condorpool,poseidon-worker-1-container-44-47,NowcastToWDSS2,/opt/NowcastToWDSS2/NowcastToWDSS2,,0.1,0,0,,,,,,,,,
NowcastToWDSS2_ID0000064,None,compute,0,1706662178.0,,,1706662183.0,1706662193.0,1706662204.0,30848968.5,1706662192.0,1706662223.0,1706662209.0,1706662213.0,1289805.0,1706662223.0,1706662229.0,5.0,,9.0,31.0,6.0,11.0,170460244.0,4.0,5023736.0,poseidon,condorpool,poseidon-worker-2-container-44-47,NowcastToWDSS2,/opt/NowcastToWDSS2/NowcastToWDSS2,,0.0,0,0,,,,,,,,,
NowcastToWDSS2_ID0000001,None,compute,0,1706662178.0,,,1706662183.0,1706662192.0,1706662203.0,30860661.0,1706662191.0,1706662218.0,1706662208.0,1706662212.0,1255454.0,1706662218.0,1706662223.0,5.0,,8.0,27.0,5.0,11.0,170460244.0,4.0,5023736.0,poseidon,condorpool,poseidon-worker-1-container-40-43,NowcastToWDSS2,/opt/NowcastToWDSS2/NowcastToWDSS2,,0.1,0,0,,,,,,,,,
NowcastToWDSS2_ID0000316,None,compute,0,1706662178.0,,,1706662183.0,1706662192.0,1706662204.0,29440100.0,1706662191.0,1706662223.0,1706662209.0,1706662213.0,1275047.0,1706662223.0,1706662229.0,5.0,,8.0,32.0,6.0,12.0,170460244.0,4.0,5023736.0,poseidon,condorpool,poseidon-worker-2-container-36-39,NowcastToWDSS2,/opt/NowcastToWDSS2/NowcastToWDSS2,,0.1,0,0,,,,,,,,,
NowcastToWDSS2_ID0000190,None,compute,0,1706662178.0,,,1706662183.0,1706662193.0,1706662204.0,33690099.0,1706662192.0,1706662223.0,1706662210.0,1706662214.0,1286509.0,1706662223.0,1706662229.0,5.0,,9.0,31.0,6.0,11.0,170460244.0,4.0,5023736.0,poseidon,condorpool,poseidon-worker-1-container-24-27,NowcastToWDSS2,/opt/NowcastToWDSS2/NowcastToWDSS2,,0.0,0,0,,,,,,,,,
NowcastToWDSS2_ID0000127,None,compute,0,1706662178.0,,,1706662183.0,1706662192.0,1706662203.0,29975397.5,1706662191.0,1706662218.0,1706662208.0,1706662212.0,1282237.0,1706662218.0,1706662223.0,5.0,,8.0,27.0,5.0,11.0,170460244.0,4.0,5023736.0,poseidon,condorpool,poseidon-worker-2-container-24-27,NowcastToWDSS2,/opt/NowcastToWDSS2/NowcastToWDSS2,,0.1,0,0,,,,,,,,,
merged_netcdf2png_ID0000165,None,compute,0,1706662223.0,,,1706662229.0,1706662234.0,1706662251.0,13663852.8,1706662231.0,1706662266.0,1706662256.0,1706662260.0,7041.0,1706662267.0,1706662271.0,6.0,,2.0,35.0,4.0,17.0,160656166.0,4.0,22035.0,poseidon,condorpool,poseidon-worker-2-container-12-15,merged_netcdf2png,/opt/netcdf2png/merged_netcdf2png,,0.1,0,0,,,,,,,,,
merged_netcdf2png_ID0000166,None,compute,0,1706662223.0,,,1706662229.0,1706662233.0,1706662247.0,19901995.7,1706662231.0,1706662261.0,1706662252.0,1706662255.0,6707.0,1706662262.0,1706662266.0,6.0,,2.0,30.0,4.0,14.0,160656166.0,3.0,21614.0,poseidon,condorpool,poseidon-worker-2-container-16-19,merged_netcdf2png,/opt/netcdf2png/merged_netcdf2png,,0.1,0,0,,,,,,,,,
mrtV2_ID0000128,None,compute,0,1706662223.0,,,1706662229.0,1706662233.0,1706662245.0,25803469.0,1706662231.0,1706662261.0,1706662250.0,1706662253.0,3587.0,1706662261.0,1706662266.0,6.0,,2.0,30.0,5.0,12.0,160605089.0,3.0,11998.0,poseidon,condorpool,poseidon-worker-2-container-32-35,mrtV2,/opt/mrtV2/mrtV2,,0.0,0,0,,,,,,,,,
merged_netcdf2png_ID0000167,None,compute,0,1706662223.0,,,1706662229.0,1706662239.0,1706662251.0,25557480.8,1706662237.0,1706662266.0,1706662256.0,1706662259.0,6718.0,1706662267.0,1706662271.0,6.0,,8.0,29.0,4.0,12.0,160656166.0,3.0,21798.0,poseidon,condorpool,poseidon-worker-2-container-0-3,merged_netcdf2png,/opt/netcdf2png/merged_netcdf2png,,0.1,0,0,,,,,,,,,
merged_netcdf2png_ID0000047,None,compute,0,1706662223.0,,,1706662228.0,1706662232.0,1706662243.0,30362216.0,1706662230.0,1706662261.0,1706662249.0,1706662252.0,6816.0,1706662261.0,1706662266.0,5.0,,2.0,31.0,5.0,11.0,160656166.0,3.0,21699.0,poseidon,condorpool,poseidon-worker-1-container-40-43,merged_netcdf2png,/opt/netcdf2png/merged_netcdf2png,,0.1,0,0,,,,,,,,,
mrtV2_ID0000009,None,compute,0,1706662223.0,,,1706662228.0,1706662232.0,1706662243.0,28472091.0,1706662230.0,1706662261.0,1706662248.0,1706662251.0,3167.0,1706662261.0,1706662266.0,5.0,,2.0,31.0,5.0,11.0,160605089.0,3.0,10114.0,poseidon,condorpool,poseidon-worker-2-container-24-27,mrtV2,/opt/mrtV2/mrtV2,,0.1,0,0,,,,,,,,,
merged_netcdf2png_ID0000046,None,compute,0,1706662223.0,,,1706662228.0,1706662232.0,1706662244.0,29876279.6,1706662230.0,1706662261.0,1706662249.0,1706662252.0,6800.0,1706662261.0,1706662266.0,5.0,,2.0,31.0,5.0,12.0,160656166.0,3.0,21645.0,poseidon,condorpool,poseidon-worker-1-container-44-47,merged_netcdf2png,/opt/netcdf2png/merged_netcdf2png,,0.1,0,0,,,,,,,,,
merged_netcdf2png_ID0000045,None,compute,0,1706662223.0,,,1706662228.0,1706662239.0,1706662250.0,25528966.6,1706662236.0,1706662266.0,1706662256.0,1706662259.0,6463.0,1706662267.0,1706662271.0,5.0,,8.0,30.0,4.0,11.0,160656166.0,3.0,21458.0,poseidon,condorpool,poseidon-worker-2-container-44-47,merged_netcdf2png,/opt/netcdf2png/merged_netcdf2png,,0.1,0,0,,,,,,,,,
mrtV2_ID0000007,None,compute,0,1706662223.0,,,1706662228.0,1706662232.0,1706662243.0,28531812.5,1706662230.0,1706662261.0,1706662248.0,1706662251.0,2853.0,1706662261.0,1706662266.0,5.0,,2.0,31.0,5.0,11.0,160605089.0,3.0,8969.0,poseidon,condorpool,poseidon-worker-2-container-36-39,mrtV2,/opt/mrtV2/mrtV2,,0.1,0,0,,,,,,,,,
merged_netcdf2png_ID0000048,None,compute,0,1706662223.0,,,1706662228.0,1706662237.0,1706662248.0,31104957.6,1706662235.0,1706662266.0,1706662254.0,1706662257.0,6392.0,1706662266.0,1706662271.0,5.0,,7.0,31.0,5.0,11.0,160656166.0,3.0,21427.0,poseidon,condorpool,poseidon-worker-1-container-40-43,merged_netcdf2png,/opt/netcdf2png/merged_netcdf2png,,0.1,0,0,,,,,,,,,
merged_netcdf2png_ID0000044,None,compute,0,1706662223.0,,,1706662228.0,1706662232.0,1706662243.0,31399519.0,1706662230.0,1706662261.0,1706662249.0,1706662252.0,6696.0,1706662261.0,1706662266.0,5.0,,2.0,31.0,5.0,11.0,160656166.0,3.0,21787.0,poseidon,condorpool,poseidon-worker-1-container-44-47,merged_netcdf2png,/opt/netcdf2png/merged_netcdf2png,,0.1,0,0,,,,,,,,,
merged_netcdf2png_ID0000049,None,compute,0,1706662223.0,,,1706662228.0,1706662239.0,1706662250.0,28252805.0,1706662236.0,1706662266.0,1706662255.0,1706662259.0,6490.0,1706662267.0,1706662271.0,5.0,,8.0,30.0,4.0,11.0,160656166.0,4.0,21639.0,poseidon,condorpool,poseidon-worker-2-container-44-47,merged_netcdf2png,/opt/netcdf2png/merged_netcdf2png,,0.1,0,0,,,,,,,,,
merged_netcdf2png_ID0000169,None,compute,0,1706662223.0,,,1706662229.0,1706662236.0,1706662248.0,24118325.0,1706662233.0,1706662266.0,1706662253.0,1706662256.0,6902.0,1706662266.0,1706662271.0,6.0,,4.0,33.0,5.0,12.0,160656166.0,3.0,21932.0,poseidon,condorpool,poseidon-worker-1-container-4-7,merged_netcdf2png,/opt/netcdf2png/merged_netcdf2png,,0.1,0,0,,,,,,,,,
mrtV2_ID0000002,None,compute,0,1706662223.0,,,1706662228.0,1706662238.0,1706662249.0,28353762.6,1706662235.0,1706662266.0,1706662254.0,1706662258.0,3307.0,1706662266.0,1706662271.0,5.0,,7.0,31.0,5.0,11.0,160605089.0,4.0,10782.0,poseidon,condorpool,poseidon-worker-2-container-36-39,mrtV2,/opt/mrtV2/mrtV2,,0.1,0,0,,,,,,,,,
merged_netcdf2png_ID0000043,None,compute,0,1706662223.0,,,1706662228.0,1706662239.0,1706662254.0,18354216.5,1706662237.0,1706662271.0,1706662259.0,1706662262.0,6517.0,1706662271.0,1706662276.0,5.0,,9.0,34.0,5.0,15.0,160656166.0,3.0,21746.0,poseidon,condorpool,poseidon-worker-1-container-24-27,merged_netcdf2png,/opt/netcdf2png/merged_netcdf2png,,0.1,0,0,,,,,,,,,
mrtV2_ID0000005,None,compute,0,1706662223.0,,,1706662228.0,1706662234.0,1706662252.0,13222438.2,1706662232.0,1706662271.0,1706662258.0,1706662261.0,3763.0,1706662271.0,1706662276.0,5.0,,4.0,39.0,5.0,18.0,160605089.0,3.0,11624.0,poseidon,condorpool,poseidon-worker-2-container-24-27,mrtV2,/opt/mrtV2/mrtV2,,0.0,0,0,,,,,,,,,
merged_netcdf2png_ID0000042,None,compute,0,1706662223.0,,,1706662228.0,1706662235.0,1706662247.0,23687219.3,1706662232.0,1706662261.0,1706662252.0,1706662256.0,6678.0,1706662262.0,1706662266.0,5.0,,4.0,29.0,4.0,12.0,160656166.0,4.0,21762.0,poseidon,condorpool,poseidon-worker-2-container-40-43,merged_netcdf2png,/opt/netcdf2png/merged_netcdf2png,,0.1,0,0,,,,,,,,,
mrtV2_ID0000006,None,compute,0,1706662223.0,,,1706662228.0,1706662234.0,1706662253.0,13070457.3,1706662232.0,1706662271.0,1706662258.0,1706662261.0,3291.0,1706662271.0,1706662276.0,5.0,,4.0,39.0,5.0,19.0,160605089.0,3.0,10784.0,poseidon,condorpool,poseidon-worker-2-container-4-7,mrtV2,/opt/mrtV2/mrtV2,,0.1,0,0,,,,,,,,,
merged_netcdf2png_ID0000041,None,compute,0,1706662223.0,,,1706662228.0,1706662233.0,1706662244.0,31033746.2,1706662231.0,1706662261.0,1706662250.0,1706662253.0,6826.0,1706662261.0,1706662266.0,5.0,,3.0,30.0,5.0,11.0,160656166.0,3.0,21894.0,poseidon,condorpool,poseidon-worker-2-container-28-31,merged_netcdf2png,/opt/netcdf2png/merged_netcdf2png,,0.1,0,0,,,,,,,,,
mrtV2_ID0000008,None,compute,0,1706662223.0,,,1706662228.0,1706662238.0,1706662249.0,27250808.0,1706662236.0,1706662266.0,1706662255.0,1706662258.0,2720.0,1706662267.0,1706662271.0,5.0,,8.0,30.0,4.0,11.0,160605089.0,3.0,8750.0,poseidon,condorpool,poseidon-worker-1-container-24-27,mrtV2,/opt/mrtV2/mrtV2,,0.0,0,0,,,,,,,,,
merged_netcdf2png_ID0000160,None,compute,0,1706662223.0,,,1706662229.0,1706662233.0,1706662245.0,25477891.4,1706662231.0,1706662261.0,1706662250.0,1706662253.0,6515.0,1706662261.0,1706662266.0,6.0,,2.0,30.0,5.0,12.0,160656166.0,3.0,21898.0,poseidon,condorpool,poseidon-worker-2-container-24-27,merged_netcdf2png,/opt/netcdf2png/merged_netcdf2png,,0.1,0,0,,,,,,,,,
merged_netcdf2png_ID0000161,None,compute,0,1706662223.0,,,1706662229.0,1706662237.0,1706662248.0,32027574.6,1706662235.0,1706662266.0,1706662254.0,1706662257.0,6632.0,1706662266.0,1706662271.0,6.0,,6.0,31.0,5.0,11.0,160656166.0,3.0,21903.0,poseidon,condorpool,poseidon-worker-1-container-44-47,merged_netcdf2png,/opt/netcdf2png/merged_netcdf2png,,0.1,0,0,,,,,,,,,
merged_netcdf2png_ID0000163,None,compute,0,1706662223.0,,,1706662229.0,1706662235.0,1706662246.0,31100337.4,1706662233.0,1706662261.0,1706662252.0,1706662255.0,6866.0,1706662262.0,1706662266.0,6.0,,4.0,28.0,4.0,11.0,160656166.0,3.0,21891.0,poseidon,condorpool,poseidon-worker-1-container-40-43,merged_netcdf2png,/opt/netcdf2png/merged_netcdf2png,,0.1,0,0,,,,,,,,,
mrtV2_ID0000135,None,compute,0,1706662223.0,,,1706662229.0,1706662239.0,1706662254.0,17836466.2,1706662236.0,1706662271.0,1706662259.0,1706662262.0,3372.0,1706662271.0,1706662276.0,6.0,,7.0,35.0,5.0,15.0,160605089.0,3.0,10779.0,poseidon,condorpool,poseidon-worker-2-container-16-19,mrtV2,/opt/mrtV2/mrtV2,,0.1,0,0,,,,,,,,,
merged_netcdf2png_ID0000173,None,compute,0,1706662223.0,,,1706662229.0,1706662236.0,1706662247.0,31281811.4,1706662234.0,1706662266.0,1706662253.0,1706662256.0,6572.0,1706662266.0,1706662271.0,6.0,,5.0,32.0,5.0,11.0,160656166.0,3.0,21595.0,poseidon,condorpool,poseidon-worker-1-container-20-23,merged_netcdf2png,/opt/netcdf2png/merged_netcdf2png,,0.1,0,0,,,,,,,,,
merged_netcdf2png_ID0000174,None,compute,0,1706662223.0,,,1706662229.0,1706662233.0,1706662245.0,24356380.6,1706662231.0,1706662261.0,1706662251.0,1706662254.0,6786.0,1706662262.0,1706662266.0,6.0,,2.0,30.0,4.0,12.0,160656166.0,3.0,21834.0,poseidon,condorpool,poseidon-worker-2-container-20-23,merged_netcdf2png,/opt/netcdf2png/merged_netcdf2png,,0.1,0,0,,,,,,,,,
mrtV2_ID0000138,None,compute,0,1706662223.0,,,1706662229.0,1706662236.0,1706662247.0,27198467.6,1706662233.0,1706662261.0,1706662252.0,1706662255.0,3130.0,1706662262.0,1706662266.0,6.0,,4.0,28.0,4.0,11.0,160605089.0,3.0,10090.0,poseidon,condorpool,poseidon-worker-1-container-4-7,mrtV2,/opt/mrtV2/mrtV2,,0.0,0,0,,,,,,,,,
mrtV2_ID0000137,None,compute,0,1706662223.0,,,1706662229.0,1706662236.0,1706662247.0,27432322.0,1706662234.0,1706662261.0,1706662252.0,1706662255.0,3577.0,1706662262.0,1706662266.0,6.0,,5.0,27.0,4.0,11.0,160605089.0,3.0,11573.0,poseidon,condorpool,poseidon-worker-1-container-32-35,mrtV2,/opt/mrtV2/mrtV2,,0.0,0,0,,,,,,,,,
merged_netcdf2png_ID0000175,None,compute,0,1706662223.0,,,1706662229.0,1706662234.0,1706662248.0,21136542.7,1706662232.0,1706662266.0,1706662253.0,1706662256.0,6663.0,1706662266.0,1706662271.0,6.0,,3.0,34.0,5.0,14.0,160656166.0,3.0,21515.0,poseidon,condorpool,poseidon-worker-1-container-36-39,merged_netcdf2png,/opt/netcdf2png/merged_netcdf2png,,0.1,0,0,,,,,,,,,
mrtV2_ID0000132,None,compute,0,1706662223.0,,,1706662229.0,1706662238.0,1706662249.0,28617685.8,1706662235.0,1706662266.0,1706662254.0,1706662258.0,2836.0,1706662266.0,1706662271.0,6.0,,6.0,31.0,5.0,11.0,160605089.0,4.0,9230.0,poseidon,condorpool,poseidon-worker-2-container-32-35,mrtV2,/opt/mrtV2/mrtV2,,0.1,0,0,,,,,,,,,
mrtV2_ID0000131,None,compute,0,1706662223.0,,,1706662229.0,1706662236.0,1706662247.0,32113736.0,1706662234.0,1706662261.0,1706662252.0,1706662255.0,3043.0,1706662262.0,1706662266.0,6.0,,5.0,27.0,4.0,11.0,160605089.0,3.0,9717.0,poseidon,condorpool,poseidon-worker-2-container-40-43,mrtV2,/opt/mrtV2/mrtV2,,0.0,0,0,,,,,,,,,
merged_netcdf2png_ID0000170,None,compute,0,1706662223.0,,,1706662229.0,1706662239.0,1706662253.0,19777251.8,1706662236.0,1706662271.0,1706662258.0,1706662261.0,6948.0,1706662271.0,1706662276.0,6.0,,7.0,35.0,5.0,14.0,160656166.0,3.0,21782.0,poseidon,condorpool,poseidon-worker-1-container-28-31,merged_netcdf2png,/opt/netcdf2png/merged_netcdf2png,,0.1,0,0,,,,,,,,,
merged_netcdf2png_ID0000164,None,compute,0,1706662223.0,,,1706662229.0,1706662239.0,1706662257.0,13177213.4,1706662237.0,1706662276.0,1706662263.0,1706662266.0,6568.0,1706662276.0,1706662281.0,6.0,,8.0,39.0,5.0,18.0,160656166.0,3.0,21707.0,poseidon,condorpool,poseidon-worker-1-container-24-27,merged_netcdf2png,/opt/netcdf2png/merged_netcdf2png,,0.1,0,0,,,,,,,,,
mrtV2_ID0000134,None,compute,0,1706662223.0,,,1706662229.0,1706662236.0,1706662248.0,25534153.2,1706662234.0,1706662266.0,1706662253.0,1706662256.0,3423.0,1706662266.0,1706662271.0,6.0,,5.0,32.0,5.0,12.0,160605089.0,3.0,10978.0,poseidon,condorpool,poseidon-worker-1-container-16-19,mrtV2,/opt/mrtV2/mrtV2,,0.1,0,0,,,,,,,,,
mrtV2_ID0000133,None,compute,0,1706662223.0,,,1706662229.0,1706662239.0,1706662250.0,28911271.4,1706662236.0,1706662266.0,1706662255.0,1706662259.0,3496.0,1706662267.0,1706662271.0,6.0,,7.0,30.0,4.0,11.0,160605089.0,4.0,11565.0,poseidon,condorpool,poseidon-worker-2-container-0-3,mrtV2,/opt/mrtV2/mrtV2,,0.1,0,0,,,,,,,,,
merged_netcdf2png_ID0000176,None,compute,0,1706662223.0,,,1706662229.0,1706662237.0,1706662248.0,29421978.6,1706662234.0,1706662266.0,1706662253.0,1706662256.0,6670.0,1706662266.0,1706662271.0,6.0,,5.0,32.0,5.0,11.0,160656166.0,3.0,21783.0,poseidon,condorpool,poseidon-worker-1-container-8-11,merged_netcdf2png,/opt/netcdf2png/merged_netcdf2png,,0.1,0,0,,,,,,,,,
mrtV2_ID0000139,None,compute,0,1706662223.0,,,1706662229.0,1706662235.0,1706662246.0,28838456.4,1706662232.0,1706662261.0,1706662251.0,1706662254.0,3445.0,1706662262.0,1706662266.0,6.0,,3.0,29.0,4.0,11.0,160605089.0,3.0,11087.0,poseidon,condorpool,poseidon-worker-2-container-4-7,mrtV2,/opt/mrtV2/mrtV2,,0.0,0,0,,,,,,,,,
merged_netcdf2png_ID0000177,None,compute,0,1706662223.0,,,1706662229.0,1706662235.0,1706662247.0,21792526.3,1706662232.0,1706662266.0,1706662253.0,1706662256.0,6737.0,1706662266.0,1706662271.0,6.0,,3.0,34.0,5.0,12.0,160656166.0,3.0,21401.0,poseidon,condorpool,poseidon-worker-2-container-28-31,merged_netcdf2png,/opt/netcdf2png/merged_netcdf2png,,0.1,0,0,,,,,,,,,
merged_netcdf2png_ID0000178,None,compute,0,1706662223.0,,,1706662229.0,1706662239.0,1706662250.0,28792381.8,1706662236.0,1706662266.0,1706662255.0,1706662259.0,6461.0,1706662267.0,1706662271.0,6.0,,7.0,30.0,4.0,11.0,160656166.0,4.0,21751.0,poseidon,condorpool,poseidon-worker-1-container-12-15,merged_netcdf2png,/opt/netcdf2png/merged_netcdf2png,,0.1,0,0,,,,,,,,,
merged_netcdf2png_ID0000179,None,compute,0,1706662223.0,,,1706662229.0,1706662234.0,1706662249.0,17083091.4,1706662231.0,1706662266.0,1706662254.0,1706662258.0,6402.0,1706662267.0,1706662271.0,6.0,,2.0,35.0,4.0,15.0,160656166.0,4.0,21672.0,poseidon,condorpool,poseidon-worker-2-container-40-43,merged_netcdf2png,/opt/netcdf2png/merged_netcdf2png,,0.1,0,0,,,,,,,,,
mrtV2_ID0000130,None,compute,0,1706662223.0,,,1706662229.0,1706662234.0,1706662245.0,25872968.0,1706662231.0,1706662261.0,1706662251.0,1706662254.0,3219.0,1706662262.0,1706662266.0,6.0,,2.0,30.0,4.0,11.0,160605089.0,3.0,10424.0,poseidon,condorpool,poseidon-worker-2-container-36-39,mrtV2,/opt/mrtV2/mrtV2,,0.1,0,0,,,,,,,,,
mrtV2_ID0000003,None,compute,0,1706662223.0,,,1706662228.0,1706662239.0,1706662250.0,26851184.0,1706662237.0,1706662266.0,1706662255.0,1706662259.0,3135.0,1706662267.0,1706662271.0,5.0,,9.0,29.0,4.0,11.0,160605089.0,4.0,10803.0,poseidon,condorpool,poseidon-worker-1-container-12-15,mrtV2,/opt/mrtV2/mrtV2,,0.1,0,0,,,,,,,,,
merged_netcdf2png_ID0000162,None,compute,0,1706662223.0,,,1706662229.0,1706662239.0,1706662250.0,30325291.8,1706662236.0,1706662266.0,1706662255.0,1706662259.0,6404.0,1706662267.0,1706662271.0,6.0,,7.0,30.0,4.0,11.0,160656166.0,4.0,21900.0,poseidon,condorpool,poseidon-worker-2-container-44-47,merged_netcdf2png,/opt/netcdf2png/merged_netcdf2png,,0.1,0,0,,,,,,,,,
merged_netcdf2png_ID0000171,None,compute,0,1706662223.0,,,1706662229.0,1706662238.0,1706662249.0,27352906.0,1706662236.0,1706662266.0,1706662254.0,1706662257.0,6672.0,1706662266.0,1706662271.0,6.0,,7.0,30.0,5.0,11.0,160656166.0,3.0,21740.0,poseidon,condorpool,poseidon-worker-1-container-0-3,merged_netcdf2png,/opt/netcdf2png/merged_netcdf2png,,0.1,0,0,,,,,,,,,
mrtV2_ID0000004,None,compute,0,1706662223.0,,,1706662228.0,1706662235.0,1706662246.0,30805713.4,1706662233.0,1706662261.0,1706662251.0,1706662255.0,3386.0,1706662262.0,1706662266.0,5.0,,5.0,28.0,4.0,11.0,160605089.0,4.0,10779.0,poseidon,condorpool,poseidon-worker-1-container-28-31,mrtV2,/opt/mrtV2/mrtV2,,0.1,0,0,,,,,,,,,
merged_netcdf2png_ID0000056,None,compute,0,1706662223.0,,,1706662229.0,1706662232.0,1706662244.0,29212804.0,1706662231.0,1706662261.0,1706662249.0,1706662252.0,6597.0,1706662261.0,1706662266.0,6.0,,2.0,30.0,5.0,12.0,160656166.0,3.0,21304.0,poseidon,condorpool,poseidon-worker-1-container-0-3,merged_netcdf2png,/opt/netcdf2png/merged_netcdf2png,,0.1,0,0,,,,,,,,,
merged_netcdf2png_ID0000058,None,compute,0,1706662223.0,,,1706662229.0,1706662233.0,1706662245.0,24359499.7,1706662230.0,1706662261.0,1706662250.0,1706662254.0,6580.0,1706662262.0,1706662266.0,6.0,,1.0,31.0,4.0,12.0,160656166.0,4.0,21360.0,poseidon,condorpool,poseidon-worker-1-container-8-11,merged_netcdf2png,/opt/netcdf2png/merged_netcdf2png,,0.1,0,0,,,,,,,,,
mrtV2_ID0000024,None,compute,0,1706662223.0,,,1706662229.0,1706662233.0,1706662245.0,24663461.2,1706662231.0,1706662261.0,1706662250.0,1706662253.0,2835.0,1706662261.0,1706662266.0,6.0,,2.0,30.0,5.0,12.0,160605089.0,3.0,9250.0,poseidon,condorpool,poseidon-worker-1-container-4-7,mrtV2,/opt/mrtV2/mrtV2,,0.1,0,0,,,,,,,,,
mrtV2_ID0000021,None,compute,0,1706662223.0,,,1706662229.0,1706662240.0,1706662250.0,27491658.0,1706662238.0,1706662266.0,1706662256.0,1706662259.0,2904.0,1706662267.0,1706662271.0,6.0,,9.0,28.0,4.0,10.0,160605089.0,3.0,9452.0,poseidon,condorpool,poseidon-worker-2-container-20-23,mrtV2,/opt/mrtV2/mrtV2,,0.0,0,0,,,,,,,,,
mrtV2_ID0000022,None,compute,0,1706662223.0,,,1706662229.0,1706662234.0,1706662249.0,17251499.4,1706662231.0,1706662266.0,1706662254.0,1706662257.0,3206.0,1706662266.0,1706662271.0,6.0,,2.0,35.0,5.0,15.0,160605089.0,3.0,10396.0,poseidon,condorpool,poseidon-worker-2-container-8-11,mrtV2,/opt/mrtV2/mrtV2,,0.1,0,0,,,,,,,,,
mrtV2_ID0000027,None,compute,0,1706662223.0,,,1706662229.0,1706662239.0,1706662250.0,28667452.0,1706662236.0,1706662266.0,1706662255.0,1706662259.0,2598.0,1706662267.0,1706662271.0,6.0,,7.0,30.0,4.0,11.0,160605089.0,4.0,8680.0,poseidon,condorpool,poseidon-worker-2-container-16-19,mrtV2,/opt/mrtV2/mrtV2,,0.1,0,0,,,,,,,,,
mrtV2_ID0000028,None,compute,0,1706662223.0,,,1706662229.0,1706662239.0,1706662250.0,31167308.8,1706662236.0,1706662266.0,1706662255.0,1706662258.0,2306.0,1706662267.0,1706662271.0,6.0,,7.0,30.0,4.0,11.0,160605089.0,3.0,7661.0,poseidon,condorpool,poseidon-worker-2-container-12-15,mrtV2,/opt/mrtV2/mrtV2,,0.0,0,0,,,,,,,,,
merged_netcdf2png_ID0000063,None,compute,0,1706662223.0,,,1706662229.0,1706662238.0,1706662249.0,29949163.0,1706662236.0,1706662266.0,1706662255.0,1706662258.0,6318.0,1706662267.0,1706662271.0,6.0,,7.0,30.0,4.0,11.0,160656166.0,3.0,21489.0,poseidon,condorpool,poseidon-worker-2-container-24-27,merged_netcdf2png,/opt/netcdf2png/merged_netcdf2png,,0.1,0,0,,,,,,,,,
mrtV2_ID0000025,None,compute,0,1706662223.0,,,1706662229.0,1706662234.0,1706662254.0,11113681.1,1706662232.0,1706662271.0,1706662259.0,1706662263.0,2725.0,1706662271.0,1706662276.0,6.0,,3.0,39.0,5.0,20.0,160605089.0,4.0,8678.0,poseidon,condorpool,poseidon-worker-1-container-40-43,mrtV2,/opt/mrtV2/mrtV2,,0.1,0,0,,,,,,,,,
mrtV2_ID0000026,None,compute,0,1706662223.0,,,1706662229.0,1706662238.0,1706662249.0,32073919.2,1706662236.0,1706662266.0,1706662254.0,1706662257.0,3043.0,1706662266.0,1706662271.0,6.0,,7.0,30.0,5.0,11.0,160605089.0,3.0,9907.0,poseidon,condorpool,poseidon-worker-1-container-44-47,mrtV2,/opt/mrtV2/mrtV2,,0.0,0,0,,,,,,,,,
merged_netcdf2png_ID0000062,None,compute,0,1706662223.0,,,1706662229.0,1706662239.0,1706662250.0,29397900.0,1706662236.0,1706662266.0,1706662255.0,1706662259.0,6114.0,1706662267.0,1706662271.0,6.0,,7.0,30.0,4.0,11.0,160656166.0,4.0,21225.0,poseidon,condorpool,poseidon-worker-1-container-24-27,merged_netcdf2png,/opt/netcdf2png/merged_netcdf2png,,0.1,0,0,,,,,,,,,
merged_netcdf2png_ID0000060,None,compute,0,1706662223.0,,,1706662229.0,1706662238.0,1706662249.0,27502109.5,1706662236.0,1706662266.0,1706662255.0,1706662258.0,6640.0,1706662267.0,1706662271.0,6.0,,7.0,30.0,4.0,11.0,160656166.0,3.0,21434.0,poseidon,condorpool,poseidon-worker-1-container-20-23,merged_netcdf2png,/opt/netcdf2png/merged_netcdf2png,,0.1,0,0,,,,,,,,,
mrtV2_ID0000030,None,compute,0,1706662223.0,,,1706662229.0,1706662239.0,1706662250.0,27420755.5,1706662237.0,1706662266.0,1706662255.0,1706662258.0,2320.0,1706662267.0,1706662271.0,6.0,,8.0,29.0,4.0,11.0,160605089.0,3.0,7667.0,poseidon,condorpool,poseidon-worker-2-container-44-47,mrtV2,/opt/mrtV2/mrtV2,,0.0,0,0,,,,,,,,,
merged_netcdf2png_ID0000036,None,compute,0,1706662223.0,,,1706662229.0,1706662233.0,1706662244.0,31935643.4,1706662231.0,1706662261.0,1706662250.0,1706662253.0,6938.0,1706662261.0,1706662266.0,6.0,,2.0,30.0,5.0,11.0,160656166.0,3.0,22180.0,poseidon,condorpool,poseidon-worker-1-container-0-3,merged_netcdf2png,/opt/netcdf2png/merged_netcdf2png,,0.1,0,0,,,,,,,,,
merged_netcdf2png_ID0000035,None,compute,0,1706662223.0,,,1706662229.0,1706662238.0,1706662249.0,27713137.5,1706662235.0,1706662266.0,1706662254.0,1706662257.0,6804.0,1706662266.0,1706662271.0,6.0,,6.0,31.0,5.0,11.0,160656166.0,3.0,22174.0,poseidon,condorpool,poseidon-worker-1-container-8-11,merged_netcdf2png,/opt/netcdf2png/merged_netcdf2png,,0.1,0,0,,,,,,,,,
merged_netcdf2png_ID0000034,None,compute,0,1706662223.0,,,1706662229.0,1706662233.0,1706662244.0,26353937.6,1706662231.0,1706662261.0,1706662250.0,1706662253.0,6769.0,1706662261.0,1706662266.0,6.0,,2.0,30.0,5.0,11.0,160656166.0,3.0,22169.0,poseidon,condorpool,poseidon-worker-2-container-4-7,merged_netcdf2png,/opt/netcdf2png/merged_netcdf2png,,0.1,0,0,,,,,,,,,
merged_netcdf2png_ID0000033,None,compute,0,1706662223.0,,,1706662229.0,1706662235.0,1706662246.0,31324088.0,1706662233.0,1706662261.0,1706662252.0,1706662255.0,6832.0,1706662262.0,1706662266.0,6.0,,4.0,28.0,4.0,11.0,160656166.0,3.0,22108.0,poseidon,condorpool,poseidon-worker-1-container-16-19,merged_netcdf2png,/opt/netcdf2png/merged_netcdf2png,,0.1,0,0,,,,,,,,,
merged_netcdf2png_ID0000039,None,compute,0,1706662223.0,,,1706662229.0,1706662233.0,1706662245.0,27717923.4,1706662231.0,1706662261.0,1706662250.0,1706662253.0,6697.0,1706662261.0,1706662266.0,6.0,,2.0,30.0,5.0,12.0,160656166.0,3.0,21874.0,poseidon,condorpool,poseidon-worker-1-container-28-31,merged_netcdf2png,/opt/netcdf2png/merged_netcdf2png,,0.1,0,0,,,,,,,,,
merged_netcdf2png_ID0000038,None,compute,0,1706662223.0,,,1706662229.0,1706662234.0,1706662253.0,12576067.0,1706662232.0,1706662271.0,1706662258.0,1706662261.0,6960.0,1706662271.0,1706662276.0,6.0,,3.0,39.0,5.0,19.0,160656166.0,3.0,21892.0,poseidon,condorpool,poseidon-worker-1-container-32-35,merged_netcdf2png,/opt/netcdf2png/merged_netcdf2png,,0.1,0,0,,,,,,,,,
merged_netcdf2png_ID0000037,None,compute,0,1706662223.0,,,1706662229.0,1706662233.0,1706662244.0,26897240.0,1706662230.0,1706662261.0,1706662249.0,1706662252.0,6872.0,1706662261.0,1706662266.0,6.0,,1.0,31.0,5.0,11.0,160656166.0,3.0,22029.0,poseidon,condorpool,poseidon-worker-1-container-36-39,merged_netcdf2png,/opt/netcdf2png/merged_netcdf2png,,0.1,0,0,,,,,,,,,
mrtV2_ID0000032,None,compute,0,1706662223.0,,,1706662229.0,1706662234.0,1706662246.0,25665221.2,1706662232.0,1706662261.0,1706662251.0,1706662254.0,2326.0,1706662262.0,1706662266.0,6.0,,3.0,29.0,4.0,12.0,160605089.0,3.0,7490.0,poseidon,condorpool,poseidon-worker-2-container-8-11,mrtV2,/opt/mrtV2/mrtV2,,0.0,0,0,,,,,,,,,
merged_netcdf2png_ID0000168,None,compute,0,1706662223.0,,,1706662229.0,1706662233.0,1706662250.0,14797497.2,1706662231.0,1706662266.0,1706662255.0,1706662258.0,6572.0,1706662267.0,1706662271.0,6.0,,2.0,35.0,4.0,17.0,160656166.0,3.0,21737.0,poseidon,condorpool,poseidon-worker-2-container-20-23,merged_netcdf2png,/opt/netcdf2png/merged_netcdf2png,,0.1,0,0,,,,,,,,,
mrtV2_ID0000031,None,compute,0,1706662223.0,,,1706662229.0,1706662236.0,1706662247.0,31534541.2,1706662234.0,1706662266.0,1706662252.0,1706662255.0,2048.0,1706662266.0,1706662271.0,6.0,,5.0,32.0,5.0,11.0,160605089.0,3.0,6566.0,poseidon,condorpool,poseidon-worker-2-container-36-39,mrtV2,/opt/mrtV2/mrtV2,,0.0,0,0,,,,,,,,,
merged_netcdf2png_ID0000040,None,compute,0,1706662223.0,,,1706662228.0,1706662233.0,1706662245.0,25051736.0,1706662231.0,1706662261.0,1706662250.0,1706662254.0,6782.0,1706662262.0,1706662266.0,5.0,,3.0,30.0,4.0,12.0,160656166.0,4.0,21932.0,poseidon,condorpool,poseidon-worker-1-container-36-39,merged_netcdf2png,/opt/netcdf2png/merged_netcdf2png,,0.1,0,0,,,,,,,,,
mrtV2_ID0000023,None,compute,0,1706662223.0,,,1706662229.0,1706662235.0,1706662247.0,24397291.4,1706662233.0,1706662261.0,1706662252.0,1706662255.0,2888.0,1706662262.0,1706662266.0,6.0,,4.0,28.0,4.0,12.0,160605089.0,3.0,9260.0,poseidon,condorpool,poseidon-worker-2-container-32-35,mrtV2,/opt/mrtV2/mrtV2,,0.1,0,0,,,,,,,,,
mrtV2_ID0000029,None,compute,0,1706662223.0,,,1706662229.0,1706662237.0,1706662248.0,28736551.5,1706662235.0,1706662266.0,1706662253.0,1706662256.0,2689.0,1706662266.0,1706662271.0,6.0,,6.0,31.0,5.0,11.0,160605089.0,3.0,8617.0,poseidon,condorpool,poseidon-worker-1-container-32-35,mrtV2,/opt/mrtV2/mrtV2,,0.0,0,0,,,,,,,,,
merged_netcdf2png_ID0000057,None,compute,0,1706662223.0,,,1706662229.0,1706662234.0,1706662247.0,19627431.0,1706662231.0,1706662266.0,1706662253.0,1706662256.0,6635.0,1706662266.0,1706662271.0,6.0,,2.0,35.0,5.0,13.0,160656166.0,3.0,21172.0,poseidon,condorpool,poseidon-worker-1-container-16-19,merged_netcdf2png,/opt/netcdf2png/merged_netcdf2png,,0.1,0,0,,,,,,,,,
mrtV2_ID0000136,None,compute,0,1706662223.0,,,1706662229.0,1706662238.0,1706662249.0,29782228.0,1706662236.0,1706662266.0,1706662254.0,1706662257.0,3355.0,1706662266.0,1706662271.0,6.0,,7.0,30.0,5.0,11.0,160605089.0,3.0,10777.0,poseidon,condorpool,poseidon-worker-2-container-8-11,mrtV2,/opt/mrtV2/mrtV2,,0.0,0,0,,,,,,,,,
mrtV2_ID0000018,None,compute,0,1706662223.0,,,1706662229.0,1706662233.0,1706662253.0,11666514.7,1706662231.0,1706662271.0,1706662258.0,1706662261.0,2904.0,1706662271.0,1706662276.0,6.0,,2.0,40.0,5.0,20.0,160605089.0,3.0,9619.0,poseidon,condorpool,poseidon-worker-2-container-0-3,mrtV2,/opt/mrtV2/mrtV2,,0.1,0,0,,,,,,,,,
merged_netcdf2png_ID0000055,None,compute,0,1706662223.0,,,1706662229.0,1706662233.0,1706662245.0,26810771.2,1706662231.0,1706662261.0,1706662250.0,1706662253.0,6525.0,1706662261.0,1706662266.0,6.0,,2.0,30.0,5.0,12.0,160656166.0,3.0,21348.0,poseidon,condorpool,poseidon-worker-2-container-32-35,merged_netcdf2png,/opt/netcdf2png/merged_netcdf2png,,0.1,0,0,,,,,,,,,
mrtV2_ID0000019,None,compute,0,1706662223.0,,,1706662229.0,1706662233.0,1706662244.0,26796840.0,1706662231.0,1706662261.0,1706662250.0,1706662253.0,3146.0,1706662261.0,1706662266.0,6.0,,2.0,30.0,5.0,11.0,160605089.0,3.0,10113.0,poseidon,condorpool,poseidon-worker-1-container-20-23,mrtV2,/opt/mrtV2/mrtV2,,0.0,0,0,,,,,,,,,
merged_netcdf2png_ID0000059,None,compute,0,1706662223.0,,,1706662229.0,1706662233.0,1706662244.0,31449056.2,1706662230.0,1706662261.0,1706662249.0,1706662252.0,6674.0,1706662261.0,1706662266.0,6.0,,1.0,31.0,5.0,11.0,160656166.0,3.0,21352.0,poseidon,condorpool,poseidon-worker-1-container-32-35,merged_netcdf2png,/opt/netcdf2png/merged_netcdf2png,,0.1,0,0,,,,,,,,,
mrtV2_ID0000012,None,compute,0,1706662223.0,,,1706662229.0,1706662234.0,1706662246.0,25220709.0,1706662232.0,1706662261.0,1706662252.0,1706662255.0,3145.0,1706662262.0,1706662266.0,6.0,,3.0,29.0,4.0,12.0,160605089.0,3.0,10139.0,poseidon,condorpool,poseidon-worker-1-container-4-7,mrtV2,/opt/mrtV2/mrtV2,,0.0,0,0,,,,,,,,,
merged_netcdf2png_ID0000050,None,compute,0,1706662223.0,,,1706662229.0,1706662232.0,1706662243.0,28057665.5,1706662230.0,1706662261.0,1706662248.0,1706662252.0,6878.0,1706662261.0,1706662266.0,6.0,,1.0,31.0,5.0,11.0,160656166.0,4.0,21840.0,poseidon,condorpool,poseidon-worker-2-container-20-23,merged_netcdf2png,/opt/netcdf2png/merged_netcdf2png,,0.1,0,0,,,,,,,,,
mrtV2_ID0000013,None,compute,0,1706662223.0,,,1706662229.0,1706662234.0,1706662245.0,30785133.6,1706662232.0,1706662261.0,1706662250.0,1706662254.0,2954.0,1706662262.0,1706662266.0,6.0,,3.0,29.0,4.0,11.0,160605089.0,4.0,9561.0,poseidon,condorpool,poseidon-worker-2-container-16-19,mrtV2,/opt/mrtV2/mrtV2,,0.0,0,0,,,,,,,,,
merged_netcdf2png_ID0000061,None,compute,0,1706662223.0,,,1706662229.0,1706662234.0,1706662245.0,24509211.4,1706662231.0,1706662261.0,1706662251.0,1706662254.0,6674.0,1706662262.0,1706662266.0,6.0,,2.0,30.0,4.0,11.0,160656166.0,3.0,21550.0,poseidon,condorpool,poseidon-worker-1-container-36-39,merged_netcdf2png,/opt/netcdf2png/merged_netcdf2png,,0.1,0,0,,,,,,,,,
mrtV2_ID0000010,None,compute,0,1706662223.0,,,1706662229.0,1706662234.0,1706662253.0,11799416.3,1706662231.0,1706662271.0,1706662258.0,1706662262.0,3153.0,1706662271.0,1706662276.0,6.0,,2.0,40.0,5.0,19.0,160605089.0,4.0,10298.0,poseidon,condorpool,poseidon-worker-2-container-12-15,mrtV2,/opt/mrtV2/mrtV2,,0.1,0,0,,,,,,,,,
mrtV2_ID0000016,None,compute,0,1706662223.0,,,1706662229.0,1706662232.0,1706662243.0,28540014.5,1706662230.0,1706662261.0,1706662248.0,1706662252.0,3014.0,1706662261.0,1706662266.0,6.0,,1.0,31.0,5.0,11.0,160605089.0,4.0,9471.0,poseidon,condorpool,poseidon-worker-2-container-40-43,mrtV2,/opt/mrtV2/mrtV2,,0.1,0,0,,,,,,,,,
merged_netcdf2png_ID0000054,None,compute,0,1706662223.0,,,1706662229.0,1706662235.0,1706662248.0,22411944.0,1706662232.0,1706662266.0,1706662253.0,1706662257.0,6677.0,1706662266.0,1706662271.0,6.0,,3.0,34.0,5.0,13.0,160656166.0,4.0,21694.0,poseidon,condorpool,poseidon-worker-1-container-12-15,merged_netcdf2png,/opt/netcdf2png/merged_netcdf2png,,0.1,0,0,,,,,,,,,
mrtV2_ID0000017,None,compute,0,1706662223.0,,,1706662229.0,1706662233.0,1706662244.0,31638845.4,1706662230.0,1706662261.0,1706662249.0,1706662252.0,2973.0,1706662261.0,1706662266.0,6.0,,1.0,31.0,5.0,11.0,160605089.0,3.0,9504.0,poseidon,condorpool,poseidon-worker-2-container-28-31,mrtV2,/opt/mrtV2/mrtV2,,0.0,0,0,,,,,,,,,
merged_netcdf2png_ID0000053,None,compute,0,1706662223.0,,,1706662229.0,1706662239.0,1706662250.0,32094983.0,1706662237.0,1706662266.0,1706662255.0,1706662258.0,6483.0,1706662267.0,1706662271.0,6.0,,8.0,29.0,4.0,11.0,160656166.0,3.0,21704.0,poseidon,condorpool,poseidon-worker-1-container-8-11,merged_netcdf2png,/opt/netcdf2png/merged_netcdf2png,,0.1,0,0,,,,,,,,,
merged_netcdf2png_ID0000052,None,compute,0,1706662223.0,,,1706662229.0,1706662235.0,1706662246.0,31358205.2,1706662232.0,1706662261.0,1706662251.0,1706662254.0,6703.0,1706662262.0,1706662266.0,6.0,,3.0,29.0,4.0,11.0,160656166.0,3.0,21674.0,poseidon,condorpool,poseidon-worker-2-container-4-7,merged_netcdf2png,/opt/netcdf2png/merged_netcdf2png,,0.1,0,0,,,,,,,,,
mrtV2_ID0000014,None,compute,0,1706662223.0,,,1706662229.0,1706662236.0,1706662247.0,29099103.6,1706662233.0,1706662261.0,1706662252.0,1706662255.0,3010.0,1706662262.0,1706662266.0,6.0,,4.0,28.0,4.0,11.0,160605089.0,3.0,9668.0,poseidon,condorpool,poseidon-worker-1-container-16-19,mrtV2,/opt/mrtV2/mrtV2,,0.0,0,0,,,,,,,,,
mrtV2_ID0000015,None,compute,0,1706662223.0,,,1706662229.0,1706662239.0,1706662251.0,26308389.8,1706662237.0,1706662266.0,1706662256.0,1706662259.0,3181.0,1706662267.0,1706662271.0,6.0,,8.0,29.0,4.0,12.0,160605089.0,3.0,10511.0,poseidon,condorpool,poseidon-worker-1-container-28-31,mrtV2,/opt/mrtV2/mrtV2,,0.1,0,0,,,,,,,,,
merged_netcdf2png_ID0000051,None,compute,0,1706662223.0,,,1706662229.0,1706662237.0,1706662247.0,27211453.5,1706662234.0,1706662266.0,1706662253.0,1706662256.0,6577.0,1706662266.0,1706662271.0,6.0,,5.0,32.0,5.0,10.0,160656166.0,3.0,21364.0,poseidon,condorpool,poseidon-worker-1-container-0-3,merged_netcdf2png,/opt/netcdf2png/merged_netcdf2png,,0.1,0,0,,,,,,,,,
mrtV2_ID0000020,None,compute,0,1706662223.0,,,1706662229.0,1706662233.0,1706662248.0,17426572.7,1706662231.0,1706662266.0,1706662254.0,1706662257.0,2979.0,1706662266.0,1706662271.0,6.0,,2.0,35.0,5.0,15.0,160605089.0,3.0,9743.0,poseidon,condorpool,poseidon-worker-2-container-0-3,mrtV2,/opt/mrtV2/mrtV2,,0.1,0,0,,,,,,,,,
mrtV2_ID0000011,None,compute,0,1706662223.0,,,1706662229.0,1706662233.0,1706662246.0,22283488.0,1706662231.0,1706662261.0,1706662251.0,1706662255.0,3196.0,1706662262.0,1706662266.0,6.0,,2.0,30.0,4.0,13.0,160605089.0,4.0,10303.0,poseidon,condorpool,poseidon-worker-2-container-8-11,mrtV2,/opt/mrtV2/mrtV2,,0.1,0,0,,,,,,,,,
merged_netcdf2png_ID0000172,None,compute,0,1706662223.0,,,1706662229.0,1706662239.0,1706662250.0,29384509.0,1706662236.0,1706662266.0,1706662255.0,1706662259.0,6282.0,1706662267.0,1706662271.0,6.0,,7.0,30.0,4.0,11.0,160656166.0,4.0,21454.0,poseidon,condorpool,poseidon-worker-1-container-12-15,merged_netcdf2png,/opt/netcdf2png/merged_netcdf2png,,0.1,0,0,,,,,,,,,
mrtV2_ID0000129,None,compute,0,1706662223.0,,,1706662229.0,1706662235.0,1706662246.0,31781240.0,1706662233.0,1706662261.0,1706662251.0,1706662254.0,3801.0,1706662262.0,1706662266.0,6.0,,4.0,28.0,4.0,11.0,160605089.0,3.0,12035.0,poseidon,condorpool,poseidon-worker-1-container-20-23,mrtV2,/opt/mrtV2/mrtV2,,0.1,0,0,,,,,,,,,
mrtV2_ID0000141,None,compute,0,1706662223.0,,,1706662229.0,1706662233.0,1706662245.0,25958521.3,1706662231.0,1706662261.0,1706662250.0,1706662254.0,2909.0,1706662262.0,1706662266.0,6.0,,2.0,30.0,4.0,12.0,160605089.0,4.0,9549.0,poseidon,condorpool,poseidon-worker-2-container-28-31,mrtV2,/opt/mrtV2/mrtV2,,0.0,0,0,,,,,,,,,
merged_netcdf2png_ID0000300,None,compute,0,1706662223.0,,,1706662234.0,1706662267.0,1706662278.0,27818154.0,1706662265.0,1706662296.0,1706662283.0,1706662287.0,6526.0,1706662296.0,1706662301.0,11.0,,31.0,31.0,5.0,11.0,160656166.0,4.0,21561.0,poseidon,condorpool,poseidon-worker-1-container-12-15,merged_netcdf2png,/opt/netcdf2png/merged_netcdf2png,,0.1,0,0,,,,,,,,,
merged_netcdf2png_ID0000304,None,compute,0,1706662223.0,,,1706662234.0,1706662266.0,1706662277.0,30285470.2,1706662263.0,1706662296.0,1706662282.0,1706662286.0,6494.0,1706662296.0,1706662301.0,11.0,,29.0,33.0,5.0,11.0,160656166.0,4.0,21594.0,poseidon,condorpool,poseidon-worker-1-container-36-39,merged_netcdf2png,/opt/netcdf2png/merged_netcdf2png,,0.1,0,0,,,,,,,,,
merged_netcdf2png_ID0000303,None,compute,0,1706662223.0,,,1706662234.0,1706662266.0,1706662277.0,25855664.4,1706662263.0,1706662296.0,1706662283.0,1706662286.0,6452.0,1706662296.0,1706662301.0,11.0,,29.0,33.0,5.0,11.0,160656166.0,3.0,21830.0,poseidon,condorpool,poseidon-worker-2-container-0-3,merged_netcdf2png,/opt/netcdf2png/merged_netcdf2png,,0.1,0,0,,,,,,,,,
merged_netcdf2png_ID0000302,None,compute,0,1706662223.0,,,1706662234.0,1706662266.0,1706662277.0,31132991.4,1706662264.0,1706662296.0,1706662283.0,1706662286.0,6553.0,1706662296.0,1706662301.0,11.0,,30.0,32.0,5.0,11.0,160656166.0,3.0,21729.0,poseidon,condorpool,poseidon-worker-1-container-44-47,merged_netcdf2png,/opt/netcdf2png/merged_netcdf2png,,0.1,0,0,,,,,,,,,
merged_netcdf2png_ID0000301,None,compute,0,1706662223.0,,,1706662235.0,1706662266.0,1706662278.0,27147703.8,1706662264.0,1706662296.0,1706662283.0,1706662287.0,6408.0,1706662296.0,1706662301.0,12.0,,29.0,32.0,5.0,12.0,160656166.0,4.0,21779.0,poseidon,condorpool,poseidon-worker-2-container-8-11,merged_netcdf2png,/opt/netcdf2png/merged_netcdf2png,,0.1,0,0,,,,,,,,,
mrtV2_ID0000265,None,compute,0,1706662223.0,,,1706662235.0,1706662266.0,1706662277.0,31592715.2,1706662264.0,1706662296.0,1706662283.0,1706662286.0,2952.0,1706662296.0,1706662301.0,12.0,,29.0,32.0,5.0,11.0,160605089.0,3.0,9939.0,poseidon,condorpool,poseidon-worker-2-container-8-11,mrtV2,/opt/mrtV2/mrtV2,,0.1,0,0,,,,,,,,,
mrtV2_ID0000266,None,compute,0,1706662223.0,,,1706662235.0,1706662267.0,1706662278.0,31181134.4,1706662264.0,1706662296.0,1706662283.0,1706662286.0,3139.0,1706662296.0,1706662301.0,12.0,,29.0,32.0,5.0,11.0,160605089.0,3.0,10522.0,poseidon,condorpool,poseidon-worker-2-container-36-39,mrtV2,/opt/mrtV2/mrtV2,,0.1,0,0,,,,,,,,,
mrtV2_ID0000263,None,compute,0,1706662223.0,,,1706662235.0,1706662267.0,1706662278.0,26801316.0,1706662264.0,1706662296.0,1706662283.0,1706662287.0,3001.0,1706662296.0,1706662301.0,12.0,,29.0,32.0,5.0,11.0,160605089.0,4.0,9953.0,poseidon,condorpool,poseidon-worker-1-container-40-43,mrtV2,/opt/mrtV2/mrtV2,,0.1,0,0,,,,,,,,,
mrtV2_ID0000264,None,compute,0,1706662223.0,,,1706662235.0,1706662267.0,1706662278.0,28840192.4,1706662264.0,1706662296.0,1706662283.0,1706662287.0,3124.0,1706662296.0,1706662301.0,12.0,,29.0,32.0,5.0,11.0,160605089.0,4.0,10463.0,poseidon,condorpool,poseidon-worker-1-container-44-47,mrtV2,/opt/mrtV2/mrtV2,,0.1,0,0,,,,,,,,,
mrtV2_ID0000260,None,compute,0,1706662223.0,,,1706662234.0,1706662266.0,1706662282.0,14618315.4,1706662264.0,1706662301.0,1706662288.0,1706662291.0,3390.0,1706662301.0,1706662306.0,11.0,,30.0,37.0,5.0,16.0,160605089.0,3.0,10680.0,poseidon,condorpool,poseidon-worker-1-container-8-11,mrtV2,/opt/mrtV2/mrtV2,,0.0,0,0,,,,,,,,,
mrtV2_ID0000269,None,compute,0,1706662223.0,,,1706662235.0,1706662268.0,1706662278.0,28012719.0,1706662265.0,1706662296.0,1706662284.0,1706662287.0,2970.0,1706662296.0,1706662301.0,12.0,,30.0,31.0,5.0,10.0,160605089.0,3.0,9771.0,poseidon,condorpool,poseidon-worker-1-container-8-11,mrtV2,/opt/mrtV2/mrtV2,,0.0,0,0,,,,,,,,,
mrtV2_ID0000268,None,compute,0,1706662223.0,,,1706662235.0,1706662267.0,1706662278.0,27772918.8,1706662265.0,1706662296.0,1706662284.0,1706662287.0,3020.0,1706662296.0,1706662301.0,12.0,,30.0,31.0,5.0,11.0,160605089.0,3.0,10121.0,poseidon,condorpool,poseidon-worker-1-container-0-3,mrtV2,/opt/mrtV2/mrtV2,,0.0,0,0,,,,,,,,,
mrtV2_ID0000272,None,compute,0,1706662223.0,,,1706662235.0,1706662267.0,1706662278.0,27113029.5,1706662265.0,1706662296.0,1706662284.0,1706662287.0,2425.0,1706662296.0,1706662301.0,12.0,,30.0,31.0,5.0,11.0,160605089.0,3.0,8050.0,poseidon,condorpool,poseidon-worker-2-container-40-43,mrtV2,/opt/mrtV2/mrtV2,,0.1,0,0,,,,,,,,,
mrtV2_ID0000273,None,compute,0,1706662223.0,,,1706662235.0,1706662266.0,1706662278.0,29819414.2,1706662265.0,1706662296.0,1706662283.0,1706662286.0,2875.0,1706662296.0,1706662301.0,12.0,,30.0,31.0,5.0,12.0,160605089.0,3.0,9642.0,poseidon,condorpool,poseidon-worker-1-container-20-23,mrtV2,/opt/mrtV2/mrtV2,,0.0,0,0,,,,,,,,,
mrtV2_ID0000270,None,compute,0,1706662223.0,,,1706662235.0,1706662268.0,1706662279.0,29390795.0,1706662266.0,1706662296.0,1706662284.0,1706662287.0,2928.0,1706662296.0,1706662301.0,12.0,,31.0,30.0,5.0,11.0,160605089.0,3.0,9541.0,poseidon,condorpool,poseidon-worker-1-container-24-27,mrtV2,/opt/mrtV2/mrtV2,,0.0,0,0,,,,,,,,,
mrtV2_ID0000271,None,compute,0,1706662223.0,,,1706662235.0,1706662268.0,1706662280.0,26398255.6,1706662265.0,1706662296.0,1706662285.0,1706662288.0,3028.0,1706662296.0,1706662301.0,12.0,,30.0,31.0,5.0,12.0,160605089.0,3.0,9835.0,poseidon,condorpool,poseidon-worker-2-container-12-15,mrtV2,/opt/mrtV2/mrtV2,,0.0,0,0,,,,,,,,,
merged_netcdf2png_ID0000308,None,compute,0,1706662223.0,,,1706662235.0,1706662267.0,1706662278.0,27264507.5,1706662265.0,1706662296.0,1706662283.0,1706662287.0,6283.0,1706662296.0,1706662301.0,12.0,,30.0,31.0,5.0,11.0,160656166.0,4.0,21631.0,poseidon,condorpool,poseidon-worker-2-container-24-27,merged_netcdf2png,/opt/netcdf2png/merged_netcdf2png,,0.1,0,0,,,,,,,,,
merged_netcdf2png_ID0000307,None,compute,0,1706662223.0,,,1706662235.0,1706662268.0,1706662279.0,26223587.0,1706662265.0,1706662296.0,1706662285.0,1706662288.0,6866.0,1706662296.0,1706662301.0,12.0,,30.0,31.0,5.0,11.0,160656166.0,3.0,21796.0,poseidon,condorpool,poseidon-worker-2-container-12-15,merged_netcdf2png,/opt/netcdf2png/merged_netcdf2png,,0.1,0,0,,,,,,,,,
merged_netcdf2png_ID0000306,None,compute,0,1706662223.0,,,1706662235.0,1706662268.0,1706662279.0,31953192.0,1706662265.0,1706662296.0,1706662284.0,1706662287.0,6699.0,1706662296.0,1706662301.0,12.0,,30.0,31.0,5.0,11.0,160656166.0,3.0,21545.0,poseidon,condorpool,poseidon-worker-2-container-20-23,merged_netcdf2png,/opt/netcdf2png/merged_netcdf2png,,0.1,0,0,,,,,,,,,
merged_netcdf2png_ID0000305,None,compute,0,1706662223.0,,,1706662235.0,1706662269.0,1706662279.0,32060056.0,1706662266.0,1706662296.0,1706662285.0,1706662288.0,6621.0,1706662296.0,1706662301.0,12.0,,31.0,30.0,5.0,10.0,160656166.0,3.0,21742.0,poseidon,condorpool,poseidon-worker-2-container-44-47,merged_netcdf2png,/opt/netcdf2png/merged_netcdf2png,,0.1,0,0,,,,,,,,,
mrtV2_ID0000267,None,compute,0,1706662223.0,,,1706662235.0,1706662266.0,1706662278.0,28145030.2,1706662264.0,1706662296.0,1706662283.0,1706662286.0,3109.0,1706662296.0,1706662301.0,12.0,,29.0,32.0,5.0,12.0,160605089.0,3.0,10319.0,poseidon,condorpool,poseidon-worker-2-container-32-35,mrtV2,/opt/mrtV2/mrtV2,,0.0,0,0,,,,,,,,,
merged_netcdf2png_ID0000309,None,compute,0,1706662223.0,,,1706662235.0,1706662268.0,1706662279.0,31526216.6,1706662265.0,1706662296.0,1706662284.0,1706662288.0,6630.0,1706662296.0,1706662301.0,12.0,,30.0,31.0,5.0,11.0,160656166.0,4.0,21623.0,poseidon,condorpool,poseidon-worker-2-container-16-19,merged_netcdf2png,/opt/netcdf2png/merged_netcdf2png,,0.1,0,0,,,,,,,,,
mrtV2_ID0000262,None,compute,0,1706662223.0,,,1706662234.0,1706662266.0,1706662278.0,27956979.6,1706662264.0,1706662296.0,1706662283.0,1706662286.0,3115.0,1706662296.0,1706662301.0,11.0,,30.0,32.0,5.0,12.0,160605089.0,3.0,10286.0,poseidon,condorpool,poseidon-worker-2-container-28-31,mrtV2,/opt/mrtV2/mrtV2,,0.1,0,0,,,,,,,,,
mrtV2_ID0000257,None,compute,0,1706662223.0,,,1706662234.0,1706662266.0,1706662277.0,28293812.0,1706662263.0,1706662296.0,1706662283.0,1706662286.0,3025.0,1706662296.0,1706662301.0,11.0,,29.0,33.0,5.0,11.0,160605089.0,3.0,10042.0,poseidon,condorpool,poseidon-worker-1-container-16-19,mrtV2,/opt/mrtV2/mrtV2,,0.0,0,0,,,,,,,,,
merged_netcdf2png_ID0000289,None,compute,0,1706662223.0,,,1706662234.0,1706662265.0,1706662277.0,25476679.3,1706662262.0,1706662296.0,1706662282.0,1706662286.0,6670.0,1706662296.0,1706662301.0,11.0,,28.0,34.0,5.0,12.0,160656166.0,4.0,22030.0,poseidon,condorpool,poseidon-worker-1-container-20-23,merged_netcdf2png,/opt/netcdf2png/merged_netcdf2png,,0.1,0,0,,,,,,,,,
merged_netcdf2png_ID0000288,None,compute,0,1706662223.0,,,1706662234.0,1706662263.0,1706662275.0,27070894.2,1706662261.0,1706662291.0,1706662280.0,1706662283.0,6800.0,1706662291.0,1706662296.0,11.0,,27.0,30.0,5.0,12.0,160656166.0,3.0,22097.0,poseidon,condorpool,poseidon-worker-2-container-4-7,merged_netcdf2png,/opt/netcdf2png/merged_netcdf2png,,0.1,0,0,,,,,,,,,
merged_netcdf2png_ID0000287,None,compute,0,1706662223.0,,,1706662234.0,1706662263.0,1706662275.0,24494125.4,1706662261.0,1706662291.0,1706662280.0,1706662284.0,6905.0,1706662291.0,1706662296.0,11.0,,27.0,30.0,5.0,12.0,160656166.0,4.0,22115.0,poseidon,condorpool,poseidon-worker-2-container-8-11,merged_netcdf2png,/opt/netcdf2png/merged_netcdf2png,,0.1,0,0,,,,,,,,,
merged_netcdf2png_ID0000286,None,compute,0,1706662223.0,,,1706662234.0,1706662264.0,1706662276.0,24849841.0,1706662262.0,1706662291.0,1706662282.0,1706662285.0,6800.0,1706662291.0,1706662296.0,11.0,,28.0,29.0,5.0,12.0,160656166.0,3.0,22087.0,poseidon,condorpool,poseidon-worker-1-container-40-43,merged_netcdf2png,/opt/netcdf2png/merged_netcdf2png,,0.1,0,0,,,,,,,,,
merged_netcdf2png_ID0000285,None,compute,0,1706662223.0,,,1706662234.0,1706662263.0,1706662275.0,26996025.4,1706662261.0,1706662291.0,1706662280.0,1706662284.0,6943.0,1706662291.0,1706662296.0,11.0,,27.0,30.0,5.0,12.0,160656166.0,4.0,22228.0,poseidon,condorpool,poseidon-worker-2-container-8-11,merged_netcdf2png,/opt/netcdf2png/merged_netcdf2png,,0.1,0,0,,,,,,,,,
merged_netcdf2png_ID0000299,None,compute,0,1706662223.0,,,1706662234.0,1706662264.0,1706662276.0,23122934.3,1706662261.0,1706662291.0,1706662281.0,1706662285.0,6694.0,1706662291.0,1706662296.0,11.0,,27.0,30.0,5.0,12.0,160656166.0,4.0,21659.0,poseidon,condorpool,poseidon-worker-1-container-28-31,merged_netcdf2png,/opt/netcdf2png/merged_netcdf2png,,0.1,0,0,,,,,,,,,
merged_netcdf2png_ID0000298,None,compute,0,1706662223.0,,,1706662234.0,1706662264.0,1706662275.0,28253112.8,1706662261.0,1706662291.0,1706662280.0,1706662284.0,6814.0,1706662291.0,1706662296.0,11.0,,27.0,30.0,5.0,11.0,160656166.0,4.0,21765.0,poseidon,condorpool,poseidon-worker-1-container-16-19,merged_netcdf2png,/opt/netcdf2png/merged_netcdf2png,,0.1,0,0,,,,,,,,,
merged_netcdf2png_ID0000297,None,compute,0,1706662223.0,,,1706662234.0,1706662264.0,1706662281.0,13934532.4,1706662261.0,1706662296.0,1706662287.0,1706662290.0,6910.0,1706662296.0,1706662301.0,11.0,,27.0,35.0,5.0,17.0,160656166.0,3.0,21944.0,poseidon,condorpool,poseidon-worker-1-container-4-7,merged_netcdf2png,/opt/netcdf2png/merged_netcdf2png,,0.1,0,0,,,,,,,,,
merged_netcdf2png_ID0000292,None,compute,0,1706662223.0,,,1706662234.0,1706662265.0,1706662275.0,27056902.5,1706662262.0,1706662291.0,1706662281.0,1706662284.0,6905.0,1706662291.0,1706662296.0,11.0,,28.0,29.0,5.0,10.0,160656166.0,3.0,21967.0,poseidon,condorpool,poseidon-worker-1-container-32-35,merged_netcdf2png,/opt/netcdf2png/merged_netcdf2png,,0.1,0,0,,,,,,,,,
mrtV2_ID0000261,None,compute,0,1706662223.0,,,1706662234.0,1706662266.0,1706662278.0,25711276.3,1706662264.0,1706662296.0,1706662283.0,1706662286.0,3231.0,1706662296.0,1706662301.0,11.0,,30.0,32.0,5.0,12.0,160605089.0,3.0,10674.0,poseidon,condorpool,poseidon-worker-1-container-32-35,mrtV2,/opt/mrtV2/mrtV2,,0.1,0,0,,,,,,,,,
mrtV2_ID0000254,None,compute,0,1706662223.0,,,1706662234.0,1706662264.0,1706662276.0,25975547.2,1706662262.0,1706662291.0,1706662281.0,1706662284.0,3521.0,1706662291.0,1706662296.0,11.0,,28.0,29.0,5.0,12.0,160605089.0,3.0,11243.0,poseidon,condorpool,poseidon-worker-2-container-32-35,mrtV2,/opt/mrtV2/mrtV2,,0.0,0,0,,,,,,,,,
mrtV2_ID0000255,None,compute,0,1706662223.0,,,1706662234.0,1706662264.0,1706662275.0,29944817.4,1706662262.0,1706662291.0,1706662281.0,1706662284.0,2592.0,1706662291.0,1706662296.0,11.0,,28.0,29.0,5.0,11.0,160605089.0,3.0,8412.0,poseidon,condorpool,poseidon-worker-2-container-40-43,mrtV2,/opt/mrtV2/mrtV2,,0.0,0,0,,,,,,,,,
merged_netcdf2png_ID0000290,None,compute,0,1706662223.0,,,1706662234.0,1706662264.0,1706662276.0,25357768.6,1706662262.0,1706662291.0,1706662281.0,1706662285.0,6898.0,1706662291.0,1706662296.0,11.0,,28.0,29.0,5.0,12.0,160656166.0,4.0,21901.0,poseidon,condorpool,poseidon-worker-1-container-4-7,merged_netcdf2png,/opt/netcdf2png/merged_netcdf2png,,0.1,0,0,,,,,,,,,
mrtV2_ID0000258,None,compute,0,1706662223.0,,,1706662234.0,1706662265.0,1706662276.0,30278063.6,1706662263.0,1706662291.0,1706662282.0,1706662285.0,3082.0,1706662291.0,1706662296.0,11.0,,29.0,28.0,5.0,11.0,160605089.0,3.0,10050.0,poseidon,condorpool,poseidon-worker-2-container-16-19,mrtV2,/opt/mrtV2/mrtV2,,0.0,0,0,,,,,,,,,
merged_netcdf2png_ID0000296,None,compute,0,1706662223.0,,,1706662234.0,1706662265.0,1706662276.0,31850268.8,1706662262.0,1706662291.0,1706662281.0,1706662284.0,6701.0,1706662291.0,1706662296.0,11.0,,28.0,29.0,5.0,11.0,160656166.0,3.0,21767.0,poseidon,condorpool,poseidon-worker-2-container-40-43,merged_netcdf2png,/opt/netcdf2png/merged_netcdf2png,,0.1,0,0,,,,,,,,,
mrtV2_ID0000259,None,compute,0,1706662223.0,,,1706662234.0,1706662265.0,1706662276.0,28293835.8,1706662262.0,1706662291.0,1706662282.0,1706662285.0,3139.0,1706662291.0,1706662296.0,11.0,,28.0,29.0,5.0,11.0,160605089.0,3.0,10075.0,poseidon,condorpool,poseidon-worker-1-container-20-23,mrtV2,/opt/mrtV2/mrtV2,,0.0,0,0,,,,,,,,,
mrtV2_ID0000140,None,compute,0,1706662223.0,,,1706662229.0,1706662233.0,1706662249.0,15298042.2,1706662231.0,1706662266.0,1706662255.0,1706662258.0,2995.0,1706662267.0,1706662271.0,6.0,,2.0,35.0,4.0,16.0,160605089.0,3.0,10045.0,poseidon,condorpool,poseidon-worker-2-container-12-15,mrtV2,/opt/mrtV2/mrtV2,,0.1,0,0,,,,,,,,,
mrtV2_ID0000256,None,compute,0,1706662223.0,,,1706662234.0,1706662266.0,1706662277.0,30699570.2,1706662263.0,1706662296.0,1706662282.0,1706662286.0,2551.0,1706662296.0,1706662301.0,11.0,,29.0,33.0,5.0,11.0,160605089.0,4.0,8391.0,poseidon,condorpool,poseidon-worker-1-container-16-19,mrtV2,/opt/mrtV2/mrtV2,,0.1,0,0,,,,,,,,,
merged_netcdf2png_ID0000294,None,compute,0,1706662223.0,,,1706662234.0,1706662265.0,1706662277.0,25587558.8,1706662263.0,1706662296.0,1706662282.0,1706662286.0,6861.0,1706662296.0,1706662301.0,11.0,,29.0,33.0,5.0,12.0,160656166.0,4.0,22119.0,poseidon,condorpool,poseidon-worker-1-container-0-3,merged_netcdf2png,/opt/netcdf2png/merged_netcdf2png,,0.1,0,0,,,,,,,,,
merged_netcdf2png_ID0000293,None,compute,0,1706662223.0,,,1706662234.0,1706662265.0,1706662277.0,29389846.8,1706662263.0,1706662296.0,1706662282.0,1706662286.0,6766.0,1706662296.0,1706662301.0,11.0,,29.0,33.0,5.0,12.0,160656166.0,4.0,21852.0,poseidon,condorpool,poseidon-worker-1-container-4-7,merged_netcdf2png,/opt/netcdf2png/merged_netcdf2png,,0.1,0,0,,,,,,,,,
merged_netcdf2png_ID0000291,None,compute,0,1706662223.0,,,1706662234.0,1706662264.0,1706662276.0,28901067.8,1706662262.0,1706662291.0,1706662281.0,1706662284.0,6793.0,1706662291.0,1706662296.0,11.0,,28.0,29.0,5.0,12.0,160656166.0,3.0,22147.0,poseidon,condorpool,poseidon-worker-1-container-16-19,merged_netcdf2png,/opt/netcdf2png/merged_netcdf2png,,0.1,0,0,,,,,,,,,
merged_netcdf2png_ID0000311,None,compute,0,1706662223.0,,,1706662235.0,1706662268.0,1706662279.0,32111035.2,1706662266.0,1706662296.0,1706662285.0,1706662288.0,6772.0,1706662296.0,1706662301.0,12.0,,31.0,30.0,5.0,11.0,160656166.0,3.0,21698.0,poseidon,condorpool,poseidon-worker-1-container-12-15,merged_netcdf2png,/opt/netcdf2png/merged_netcdf2png,,0.1,0,0,,,,,,,,,
merged_netcdf2png_ID0000295,None,compute,0,1706662223.0,,,1706662234.0,1706662264.0,1706662276.0,25278460.6,1706662262.0,1706662291.0,1706662282.0,1706662285.0,6770.0,1706662291.0,1706662296.0,11.0,,28.0,29.0,5.0,12.0,160656166.0,3.0,21712.0,poseidon,condorpool,poseidon-worker-2-container-36-39,merged_netcdf2png,/opt/netcdf2png/merged_netcdf2png,,0.1,0,0,,,,,,,,,
merged_netcdf2png_ID0000315,None,compute,0,1706662223.0,,,1706662235.0,1706662269.0,1706662280.0,27164156.0,1706662267.0,1706662296.0,1706662285.0,1706662288.0,6916.0,1706662296.0,1706662301.0,12.0,,32.0,29.0,5.0,11.0,160656166.0,3.0,21909.0,poseidon,condorpool,poseidon-worker-2-container-44-47,merged_netcdf2png,/opt/netcdf2png/merged_netcdf2png,,0.1,0,0,,,,,,,,,
mrtV2_ID0000151,None,compute,0,1706662223.0,,,1706662234.0,1706662262.0,1706662275.0,21557211.0,1706662260.0,1706662291.0,1706662280.0,1706662283.0,3204.0,1706662291.0,1706662296.0,11.0,,26.0,31.0,5.0,13.0,160605089.0,3.0,10087.0,poseidon,condorpool,poseidon-worker-1-container-4-7,mrtV2,/opt/mrtV2/mrtV2,,0.0,0,0,,,,,,,,,
mrtV2_ID0000147,None,compute,0,1706662223.0,,,1706662234.0,1706662262.0,1706662274.0,25704927.4,1706662260.0,1706662291.0,1706662279.0,1706662283.0,2904.0,1706662291.0,1706662296.0,11.0,,26.0,31.0,5.0,12.0,160605089.0,4.0,9355.0,poseidon,condorpool,poseidon-worker-2-container-32-35,mrtV2,/opt/mrtV2/mrtV2,,0.1,0,0,,,,,,,,,
merged_netcdf2png_ID0000183,None,compute,0,1706662223.0,,,1706662234.0,1706662262.0,1706662274.0,24624433.0,1706662260.0,1706662291.0,1706662279.0,1706662282.0,6691.0,1706662291.0,1706662296.0,11.0,,26.0,31.0,5.0,12.0,160656166.0,3.0,21365.0,poseidon,condorpool,poseidon-worker-2-container-32-35,merged_netcdf2png,/opt/netcdf2png/merged_netcdf2png,,0.1,0,0,,,,,,,,,
merged_netcdf2png_ID0000184,None,compute,0,1706662223.0,,,1706662234.0,1706662262.0,1706662273.0,28410550.8,1706662260.0,1706662291.0,1706662279.0,1706662282.0,6817.0,1706662291.0,1706662296.0,11.0,,26.0,31.0,5.0,11.0,160656166.0,3.0,21426.0,poseidon,condorpool,poseidon-worker-1-container-28-31,merged_netcdf2png,/opt/netcdf2png/merged_netcdf2png,,0.1,0,0,,,,,,,,,
mrtV2_ID0000146,None,compute,0,1706662223.0,,,1706662234.0,1706662262.0,1706662276.0,19501547.1,1706662259.0,1706662291.0,1706662281.0,1706662284.0,3152.0,1706662291.0,1706662296.0,11.0,,25.0,32.0,5.0,14.0,160605089.0,3.0,10295.0,poseidon,condorpool,poseidon-worker-2-container-4-7,mrtV2,/opt/mrtV2/mrtV2,,0.1,0,0,,,,,,,,,
mrtV2_ID0000149,None,compute,0,1706662223.0,,,1706662234.0,1706662261.0,1706662273.0,28759285.6,1706662259.0,1706662291.0,1706662278.0,1706662281.0,3070.0,1706662291.0,1706662296.0,11.0,,25.0,32.0,5.0,12.0,160605089.0,3.0,9647.0,poseidon,condorpool,poseidon-worker-2-container-28-31,mrtV2,/opt/mrtV2/mrtV2,,0.0,0,0,,,,,,,,,
merged_netcdf2png_ID0000185,None,compute,0,1706662223.0,,,1706662234.0,1706662261.0,1706662273.0,25991906.4,1706662259.0,1706662291.0,1706662278.0,1706662282.0,6799.0,1706662291.0,1706662296.0,11.0,,25.0,32.0,5.0,12.0,160656166.0,4.0,21578.0,poseidon,condorpool,poseidon-worker-1-container-0-3,merged_netcdf2png,/opt/netcdf2png/merged_netcdf2png,,0.1,0,0,,,,,,,,,
merged_netcdf2png_ID0000186,None,compute,0,1706662223.0,,,1706662234.0,1706662261.0,1706662273.0,29648364.8,1706662259.0,1706662291.0,1706662278.0,1706662281.0,6740.0,1706662291.0,1706662296.0,11.0,,25.0,32.0,5.0,12.0,160656166.0,3.0,21457.0,poseidon,condorpool,poseidon-worker-1-container-20-23,merged_netcdf2png,/opt/netcdf2png/merged_netcdf2png,,0.1,0,0,,,,,,,,,
mrtV2_ID0000148,None,compute,0,1706662223.0,,,1706662234.0,1706662261.0,1706662272.0,31541431.8,1706662259.0,1706662286.0,1706662277.0,1706662280.0,3611.0,1706662286.0,1706662291.0,11.0,,25.0,27.0,5.0,11.0,160605089.0,3.0,11291.0,poseidon,condorpool,poseidon-worker-1-container-0-3,mrtV2,/opt/mrtV2/mrtV2,,0.1,0,0,,,,,,,,,
mrtV2_ID0000143,None,compute,0,1706662223.0,,,1706662234.0,1706662262.0,1706662275.0,22759392.7,1706662260.0,1706662291.0,1706662280.0,1706662283.0,3253.0,1706662291.0,1706662296.0,11.0,,26.0,31.0,5.0,13.0,160605089.0,3.0,10433.0,poseidon,condorpool,poseidon-worker-1-container-36-39,mrtV2,/opt/mrtV2/mrtV2,,0.0,0,0,,,,,,,,,
merged_netcdf2png_ID0000180,None,compute,0,1706662223.0,,,1706662234.0,1706662261.0,1706662272.0,27513472.2,1706662259.0,1706662291.0,1706662278.0,1706662281.0,6773.0,1706662291.0,1706662296.0,11.0,,25.0,32.0,5.0,11.0,160656166.0,3.0,21307.0,poseidon,condorpool,poseidon-worker-1-container-32-35,merged_netcdf2png,/opt/netcdf2png/merged_netcdf2png,,0.1,0,0,,,,,,,,,
mrtV2_ID0000145,None,compute,0,1706662223.0,,,1706662234.0,1706662262.0,1706662274.0,25982983.6,1706662260.0,1706662291.0,1706662279.0,1706662283.0,2851.0,1706662291.0,1706662296.0,11.0,,26.0,31.0,5.0,12.0,160605089.0,4.0,9163.0,poseidon,condorpool,poseidon-worker-2-container-28-31,mrtV2,/opt/mrtV2/mrtV2,,0.1,0,0,,,,,,,,,
merged_netcdf2png_ID0000181,None,compute,0,1706662223.0,,,1706662234.0,1706662260.0,1706662272.0,24283186.0,1706662258.0,1706662291.0,1706662277.0,1706662281.0,6747.0,1706662291.0,1706662296.0,11.0,,24.0,33.0,5.0,12.0,160656166.0,4.0,21124.0,poseidon,condorpool,poseidon-worker-1-container-44-47,merged_netcdf2png,/opt/netcdf2png/merged_netcdf2png,,0.1,0,0,,,,,,,,,
mrtV2_ID0000144,None,compute,0,1706662223.0,,,1706662234.0,1706662260.0,1706662271.0,31393775.2,1706662258.0,1706662286.0,1706662276.0,1706662280.0,3249.0,1706662286.0,1706662291.0,11.0,,24.0,28.0,5.0,11.0,160605089.0,4.0,10398.0,poseidon,condorpool,poseidon-worker-2-container-20-23,mrtV2,/opt/mrtV2/mrtV2,,0.0,0,0,,,,,,,,,
merged_netcdf2png_ID0000182,None,compute,0,1706662223.0,,,1706662229.0,1706662260.0,1706662271.0,27669155.4,1706662258.0,1706662286.0,1706662277.0,1706662280.0,6594.0,1706662286.0,1706662291.0,6.0,,29.0,28.0,5.0,11.0,160656166.0,3.0,21126.0,poseidon,condorpool,poseidon-worker-1-container-40-43,merged_netcdf2png,/opt/netcdf2png/merged_netcdf2png,,0.1,0,0,,,,,,,,,
merged_netcdf2png_ID0000187,None,compute,0,1706662223.0,,,1706662229.0,1706662260.0,1706662271.0,27263325.2,1706662258.0,1706662286.0,1706662277.0,1706662280.0,6712.0,1706662286.0,1706662291.0,6.0,,29.0,28.0,5.0,11.0,160656166.0,3.0,21512.0,poseidon,condorpool,poseidon-worker-2-container-40-43,merged_netcdf2png,/opt/netcdf2png/merged_netcdf2png,,0.1,0,0,,,,,,,,,
merged_netcdf2png_ID0000188,None,compute,0,1706662223.0,,,1706662229.0,1706662259.0,1706662270.0,31670234.8,1706662257.0,1706662286.0,1706662276.0,1706662279.0,6792.0,1706662286.0,1706662291.0,6.0,,28.0,29.0,5.0,11.0,160656166.0,3.0,21545.0,poseidon,condorpool,poseidon-worker-2-container-36-39,merged_netcdf2png,/opt/netcdf2png/merged_netcdf2png,,0.1,0,0,,,,,,,,,
merged_netcdf2png_ID0000189,None,compute,0,1706662223.0,,,1706662229.0,1706662260.0,1706662271.0,27570183.4,1706662258.0,1706662286.0,1706662277.0,1706662280.0,6765.0,1706662286.0,1706662291.0,6.0,,29.0,28.0,5.0,11.0,160656166.0,3.0,21339.0,poseidon,condorpool,poseidon-worker-2-container-24-27,merged_netcdf2png,/opt/netcdf2png/merged_netcdf2png,,0.1,0,0,,,,,,,,,
merged_netcdf2png_ID0000310,None,compute,0,1706662223.0,,,1706662235.0,1706662268.0,1706662278.0,28487353.0,1706662265.0,1706662296.0,1706662284.0,1706662287.0,6582.0,1706662296.0,1706662301.0,12.0,,30.0,31.0,5.0,10.0,160656166.0,3.0,21763.0,poseidon,condorpool,poseidon-worker-1-container-8-11,merged_netcdf2png,/opt/netcdf2png/merged_netcdf2png,,0.1,0,0,,,,,,,,,
mrtV2_ID0000152,None,compute,0,1706662223.0,,,1706662234.0,1706662262.0,1706662274.0,24918374.8,1706662260.0,1706662291.0,1706662279.0,1706662283.0,2889.0,1706662291.0,1706662296.0,11.0,,26.0,31.0,5.0,12.0,160605089.0,4.0,9364.0,poseidon,condorpool,poseidon-worker-2-container-24-27,mrtV2,/opt/mrtV2/mrtV2,,0.1,0,0,,,,,,,,,
mrtV2_ID0000150,None,compute,0,1706662223.0,,,1706662234.0,1706662262.0,1706662273.0,29910531.6,1706662260.0,1706662291.0,1706662279.0,1706662282.0,2997.0,1706662291.0,1706662296.0,11.0,,26.0,31.0,5.0,11.0,160605089.0,3.0,9359.0,poseidon,condorpool,poseidon-worker-1-container-8-11,mrtV2,/opt/mrtV2/mrtV2,,0.0,0,0,,,,,,,,,
mrtV2_ID0000142,None,compute,0,1706662223.0,,,1706662234.0,1706662261.0,1706662272.0,24643797.6,1706662258.0,1706662291.0,1706662278.0,1706662281.0,3070.0,1706662291.0,1706662296.0,11.0,,24.0,33.0,5.0,11.0,160605089.0,3.0,9644.0,poseidon,condorpool,poseidon-worker-1-container-44-47,mrtV2,/opt/mrtV2/mrtV2,,0.1,0,0,,,,,,,,,
mrtV2_ID0000155,None,compute,0,1706662223.0,,,1706662234.0,1706662264.0,1706662277.0,21899397.0,1706662261.0,1706662296.0,1706662282.0,1706662286.0,2232.0,1706662296.0,1706662301.0,11.0,,27.0,35.0,5.0,13.0,160605089.0,4.0,7386.0,poseidon,condorpool,poseidon-worker-1-container-36-39,mrtV2,/opt/mrtV2/mrtV2,,0.0,0,0,,,,,,,,,
merged_netcdf2png_ID0000314,None,compute,0,1706662223.0,,,1706662235.0,1706662271.0,1706662282.0,27678205.5,1706662269.0,1706662301.0,1706662287.0,1706662290.0,6866.0,1706662301.0,1706662306.0,12.0,,34.0,32.0,5.0,11.0,160656166.0,3.0,21946.0,poseidon,condorpool,poseidon-worker-2-container-0-3,merged_netcdf2png,/opt/netcdf2png/merged_netcdf2png,,0.1,0,0,,,,,,,,,
merged_netcdf2png_ID0000159,None,compute,0,1706662223.0,,,1706662234.0,1706662263.0,1706662275.0,24682456.3,1706662260.0,1706662291.0,1706662281.0,1706662284.0,6626.0,1706662291.0,1706662296.0,11.0,,26.0,31.0,5.0,12.0,160656166.0,3.0,21729.0,poseidon,condorpool,poseidon-worker-2-container-28-31,merged_netcdf2png,/opt/netcdf2png/merged_netcdf2png,,0.1,0,0,,,,,,,,,
merged_netcdf2png_ID0000313,None,compute,0,1706662223.0,,,1706662235.0,1706662273.0,1706662284.0,28686632.0,1706662271.0,1706662301.0,1706662289.0,1706662293.0,6855.0,1706662301.0,1706662306.0,12.0,,36.0,30.0,5.0,11.0,160656166.0,4.0,21671.0,poseidon,condorpool,poseidon-worker-1-container-12-15,merged_netcdf2png,/opt/netcdf2png/merged_netcdf2png,,0.1,0,0,,,,,,,,,
merged_netcdf2png_ID0000312,None,compute,0,1706662223.0,,,1706662235.0,1706662269.0,1706662280.0,28482828.5,1706662267.0,1706662296.0,1706662286.0,1706662289.0,6667.0,1706662296.0,1706662301.0,12.0,,32.0,29.0,5.0,11.0,160656166.0,3.0,21735.0,poseidon,condorpool,poseidon-worker-1-container-24-27,merged_netcdf2png,/opt/netcdf2png/merged_netcdf2png,,0.1,0,0,,,,,,,,,
mrtV2_ID0000276,None,compute,0,1706662223.0,,,1706662235.0,1706662269.0,1706662280.0,26875254.0,1706662267.0,1706662296.0,1706662285.0,1706662289.0,2937.0,1706662296.0,1706662301.0,12.0,,32.0,29.0,5.0,11.0,160605089.0,4.0,9313.0,poseidon,condorpool,poseidon-worker-1-container-12-15,mrtV2,/opt/mrtV2/mrtV2,,0.1,0,0,,,,,,,,,
mrtV2_ID0000274,None,compute,0,1706662223.0,,,1706662235.0,1706662268.0,1706662279.0,27500573.5,1706662265.0,1706662296.0,1706662284.0,1706662287.0,2955.0,1706662296.0,1706662301.0,12.0,,30.0,31.0,5.0,11.0,160605089.0,3.0,9547.0,poseidon,condorpool,poseidon-worker-2-container-20-23,mrtV2,/opt/mrtV2/mrtV2,,0.0,0,0,,,,,,,,,
mrtV2_ID0000275,None,compute,0,1706662223.0,,,1706662235.0,1706662269.0,1706662280.0,27307212.6,1706662267.0,1706662296.0,1706662286.0,1706662289.0,3066.0,1706662296.0,1706662301.0,12.0,,32.0,29.0,5.0,11.0,160605089.0,3.0,9839.0,poseidon,condorpool,poseidon-worker-2-container-44-47,mrtV2,/opt/mrtV2/mrtV2,,0.1,0,0,,,,,,,,,
mrtV2_ID0000278,None,compute,0,1706662223.0,,,1706662235.0,1706662268.0,1706662279.0,31785483.0,1706662266.0,1706662296.0,1706662284.0,1706662287.0,2545.0,1706662296.0,1706662301.0,12.0,,31.0,30.0,5.0,11.0,160605089.0,3.0,8526.0,poseidon,condorpool,poseidon-worker-1-container-28-31,mrtV2,/opt/mrtV2/mrtV2,,0.0,0,0,,,,,,,,,
mrtV2_ID0000279,None,compute,0,1706662223.0,,,1706662235.0,1706662268.0,1706662279.0,28432434.0,1706662266.0,1706662296.0,1706662284.0,1706662287.0,2778.0,1706662296.0,1706662301.0,12.0,,31.0,30.0,5.0,11.0,160605089.0,3.0,9167.0,poseidon,condorpool,poseidon-worker-2-container-0-3,mrtV2,/opt/mrtV2/mrtV2,,0.1,0,0,,,,,,,,,
mrtV2_ID0000280,None,compute,0,1706662223.0,,,1706662235.0,1706662268.0,1706662280.0,26871700.8,1706662266.0,1706662296.0,1706662285.0,1706662288.0,3176.0,1706662296.0,1706662301.0,12.0,,31.0,30.0,5.0,12.0,160605089.0,3.0,10194.0,poseidon,condorpool,poseidon-worker-2-container-12-15,mrtV2,/opt/mrtV2/mrtV2,,0.1,0,0,,,,,,,,,
mrtV2_ID0000277,None,compute,0,1706662223.0,,,1706662235.0,1706662273.0,1706662284.0,27605526.5,1706662271.0,1706662301.0,1706662290.0,1706662293.0,3104.0,1706662301.0,1706662306.0,12.0,,36.0,30.0,5.0,11.0,160605089.0,3.0,9823.0,poseidon,condorpool,poseidon-worker-2-container-44-47,mrtV2,/opt/mrtV2/mrtV2,,0.1,0,0,,,,,,,,,
mrtV2_ID0000284,None,compute,0,1706662223.0,,,1706662235.0,1706662270.0,1706662281.0,30813681.6,1706662268.0,1706662296.0,1706662287.0,1706662290.0,2771.0,1706662296.0,1706662301.0,12.0,,33.0,28.0,5.0,11.0,160605089.0,3.0,8878.0,poseidon,condorpool,poseidon-worker-2-container-4-7,mrtV2,/opt/mrtV2/mrtV2,,0.1,0,0,,,,,,,,,
mrtV2_ID0000281,None,compute,0,1706662223.0,,,1706662235.0,1706662270.0,1706662281.0,32051892.6,1706662268.0,1706662296.0,1706662286.0,1706662289.0,2825.0,1706662296.0,1706662301.0,12.0,,33.0,28.0,5.0,11.0,160605089.0,3.0,9347.0,poseidon,condorpool,poseidon-worker-1-container-32-35,mrtV2,/opt/mrtV2/mrtV2,,0.1,0,0,,,,,,,,,
mrtV2_ID0000282,None,compute,0,1706662223.0,,,1706662235.0,1706662270.0,1706662280.0,28514168.0,1706662268.0,1706662296.0,1706662286.0,1706662289.0,2961.0,1706662296.0,1706662301.0,12.0,,33.0,28.0,5.0,10.0,160605089.0,3.0,9563.0,poseidon,condorpool,poseidon-worker-1-container-28-31,mrtV2,/opt/mrtV2/mrtV2,,0.1,0,0,,,,,,,,,
mrtV2_ID0000158,None,compute,0,1706662223.0,,,1706662234.0,1706662263.0,1706662276.0,21666964.9,1706662261.0,1706662291.0,1706662282.0,1706662285.0,2995.0,1706662291.0,1706662296.0,11.0,,27.0,30.0,5.0,13.0,160605089.0,3.0,9778.0,poseidon,condorpool,poseidon-worker-2-container-4-7,mrtV2,/opt/mrtV2/mrtV2,,0.1,0,0,,,,,,,,,
mrtV2_ID0000157,None,compute,0,1706662223.0,,,1706662234.0,1706662263.0,1706662274.0,29092993.0,1706662261.0,1706662291.0,1706662279.0,1706662283.0,2668.0,1706662291.0,1706662296.0,11.0,,27.0,30.0,5.0,11.0,160605089.0,4.0,8592.0,poseidon,condorpool,poseidon-worker-2-container-36-39,mrtV2,/opt/mrtV2/mrtV2,,0.1,0,0,,,,,,,,,
mrtV2_ID0000154,None,compute,0,1706662223.0,,,1706662234.0,1706662263.0,1706662275.0,25579589.4,1706662260.0,1706662291.0,1706662280.0,1706662283.0,2063.0,1706662291.0,1706662296.0,11.0,,26.0,31.0,5.0,12.0,160605089.0,3.0,6660.0,poseidon,condorpool,poseidon-worker-1-container-36-39,mrtV2,/opt/mrtV2/mrtV2,,0.0,0,0,,,,,,,,,
mrtV2_ID0000153,None,compute,0,1706662223.0,,,1706662234.0,1706662263.0,1706662274.0,25658602.4,1706662260.0,1706662291.0,1706662279.0,1706662283.0,3215.0,1706662291.0,1706662296.0,11.0,,26.0,31.0,5.0,11.0,160605089.0,4.0,10201.0,poseidon,condorpool,poseidon-worker-2-container-20-23,mrtV2,/opt/mrtV2/mrtV2,,0.1,0,0,,,,,,,,,
mrtV2_ID0000156,None,compute,0,1706662223.0,,,1706662234.0,1706662263.0,1706662274.0,27757328.2,1706662260.0,1706662291.0,1706662279.0,1706662283.0,2642.0,1706662291.0,1706662296.0,11.0,,26.0,31.0,5.0,11.0,160605089.0,4.0,8499.0,poseidon,condorpool,poseidon-worker-2-container-16-19,mrtV2,/opt/mrtV2/mrtV2,,0.1,0,0,,,,,,,,,
mrtV2_ID0000283,None,compute,0,1706662223.0,,,1706662235.0,1706662270.0,1706662281.0,28564800.0,1706662268.0,1706662296.0,1706662286.0,1706662289.0,2961.0,1706662296.0,1706662301.0,12.0,,33.0,28.0,5.0,11.0,160605089.0,3.0,9459.0,poseidon,condorpool,poseidon-worker-2-container-24-27,mrtV2,/opt/mrtV2/mrtV2,,0.1,0,0,,,,,,,,,
mrtV2_ID0000202,None,compute,0,1706662229.0,,,1706662240.0,1706662290.0,1706662301.0,26986328.0,1706662288.0,1706662316.0,1706662306.0,1706662309.0,3801.0,1706662316.0,1706662321.0,11.0,,48.0,28.0,5.0,11.0,160605089.0,3.0,12143.0,poseidon,condorpool,poseidon-worker-1-container-28-31,mrtV2,/opt/mrtV2/mrtV2,,0.0,0,0,,,,,,,,,
mrtV2_ID0000218,None,compute,0,1706662229.0,,,1706662240.0,1706662291.0,1706662303.0,26409706.7,1706662289.0,1706662321.0,1706662308.0,1706662311.0,2812.0,1706662321.0,1706662326.0,11.0,,49.0,32.0,5.0,12.0,160605089.0,3.0,8721.0,poseidon,condorpool,poseidon-worker-2-container-32-35,mrtV2,/opt/mrtV2/mrtV2,,0.0,0,0,,,,,,,,,
mrtV2_ID0000219,None,compute,0,1706662229.0,,,1706662240.0,1706662291.0,1706662302.0,29647926.6,1706662289.0,1706662321.0,1706662308.0,1706662311.0,2909.0,1706662321.0,1706662326.0,11.0,,49.0,32.0,5.0,11.0,160605089.0,3.0,9088.0,poseidon,condorpool,poseidon-worker-2-container-24-27,mrtV2,/opt/mrtV2/mrtV2,,0.0,0,0,,,,,,,,,
mrtV2_ID0000216,None,compute,0,1706662229.0,,,1706662240.0,1706662293.0,1706662304.0,28645757.0,1706662290.0,1706662321.0,1706662309.0,1706662312.0,3404.0,1706662321.0,1706662326.0,11.0,,50.0,31.0,5.0,11.0,160605089.0,3.0,10988.0,poseidon,condorpool,poseidon-worker-2-container-28-31,mrtV2,/opt/mrtV2/mrtV2,,0.1,0,0,,,,,,,,,
mrtV2_ID0000217,None,compute,0,1706662229.0,,,1706662240.0,1706662292.0,1706662303.0,29155999.2,1706662289.0,1706662321.0,1706662308.0,1706662311.0,3273.0,1706662321.0,1706662326.0,11.0,,49.0,32.0,5.0,11.0,160605089.0,3.0,10532.0,poseidon,condorpool,poseidon-worker-2-container-20-23,mrtV2,/opt/mrtV2/mrtV2,,0.1,0,0,,,,,,,,,
merged_netcdf2png_ID0000252,None,compute,0,1706662229.0,,,1706662240.0,1706662292.0,1706662303.0,30279994.4,1706662289.0,1706662321.0,1706662308.0,1706662311.0,6794.0,1706662321.0,1706662326.0,11.0,,49.0,32.0,5.0,11.0,160656166.0,3.0,21952.0,poseidon,condorpool,poseidon-worker-2-container-16-19,merged_netcdf2png,/opt/netcdf2png/merged_netcdf2png,,0.1,0,0,,,,,,,,,
mrtV2_ID0000212,None,compute,0,1706662229.0,,,1706662240.0,1706662292.0,1706662304.0,24711849.2,1706662290.0,1706662321.0,1706662309.0,1706662312.0,2635.0,1706662321.0,1706662326.0,11.0,,50.0,31.0,5.0,12.0,160605089.0,3.0,8545.0,poseidon,condorpool,poseidon-worker-1-container-36-39,mrtV2,/opt/mrtV2/mrtV2,,0.0,0,0,,,,,,,,,
mrtV2_ID0000211,None,compute,0,1706662229.0,,,1706662240.0,1706662292.0,1706662304.0,26723322.0,1706662289.0,1706662321.0,1706662309.0,1706662312.0,3124.0,1706662321.0,1706662326.0,11.0,,49.0,32.0,5.0,12.0,160605089.0,3.0,9947.0,poseidon,condorpool,poseidon-worker-2-container-36-39,mrtV2,/opt/mrtV2/mrtV2,,0.0,0,0,,,,,,,,,
mrtV2_ID0000214,None,compute,0,1706662229.0,,,1706662240.0,1706662292.0,1706662304.0,24579689.3,1706662290.0,1706662321.0,1706662309.0,1706662312.0,3082.0,1706662321.0,1706662326.0,11.0,,50.0,31.0,5.0,12.0,160605089.0,3.0,9940.0,poseidon,condorpool,poseidon-worker-1-container-4-7,mrtV2,/opt/mrtV2/mrtV2,,0.1,0,0,,,,,,,,,
merged_netcdf2png_ID0000251,None,compute,0,1706662229.0,,,1706662240.0,1706662292.0,1706662303.0,31671930.0,1706662290.0,1706662321.0,1706662309.0,1706662312.0,6787.0,1706662321.0,1706662326.0,11.0,,50.0,31.0,5.0,11.0,160656166.0,3.0,21680.0,poseidon,condorpool,poseidon-worker-2-container-4-7,merged_netcdf2png,/opt/netcdf2png/merged_netcdf2png,,0.1,0,0,,,,,,,,,
mrtV2_ID0000201,None,compute,0,1706662229.0,,,1706662240.0,1706662290.0,1706662301.0,28082244.0,1706662288.0,1706662316.0,1706662307.0,1706662310.0,3150.0,1706662316.0,1706662321.0,11.0,,48.0,28.0,5.0,11.0,160605089.0,3.0,10131.0,poseidon,condorpool,poseidon-worker-1-container-8-11,mrtV2,/opt/mrtV2/mrtV2,,0.1,0,0,,,,,,,,,
mrtV2_ID0000215,None,compute,0,1706662229.0,,,1706662240.0,1706662292.0,1706662303.0,29768162.8,1706662290.0,1706662321.0,1706662309.0,1706662312.0,3111.0,1706662321.0,1706662326.0,11.0,,50.0,31.0,5.0,11.0,160605089.0,3.0,9942.0,poseidon,condorpool,poseidon-worker-2-container-8-11,mrtV2,/opt/mrtV2/mrtV2,,0.1,0,0,,,,,,,,,
mrtV2_ID0000210,None,compute,0,1706662229.0,,,1706662240.0,1706662292.0,1706662303.0,30161533.2,1706662289.0,1706662321.0,1706662308.0,1706662312.0,3043.0,1706662321.0,1706662326.0,11.0,,49.0,32.0,5.0,11.0,160605089.0,4.0,9747.0,poseidon,condorpool,poseidon-worker-2-container-32-35,mrtV2,/opt/mrtV2/mrtV2,,0.1,0,0,,,,,,,,,
merged_netcdf2png_ID0000240,None,compute,0,1706662229.0,,,1706662240.0,1706662290.0,1706662301.0,26994876.0,1706662288.0,1706662316.0,1706662306.0,1706662310.0,6805.0,1706662316.0,1706662321.0,11.0,,48.0,28.0,5.0,11.0,160656166.0,4.0,21682.0,poseidon,condorpool,poseidon-worker-1-container-0-3,merged_netcdf2png,/opt/netcdf2png/merged_netcdf2png,,0.1,0,0,,,,,,,,,
merged_netcdf2png_ID0000249,None,compute,0,1706662229.0,,,1706662235.0,1706662288.0,1706662299.0,29226424.0,1706662286.0,1706662316.0,1706662305.0,1706662308.0,6900.0,1706662316.0,1706662321.0,6.0,,51.0,30.0,5.0,11.0,160656166.0,3.0,21875.0,poseidon,condorpool,poseidon-worker-2-container-24-27,merged_netcdf2png,/opt/netcdf2png/merged_netcdf2png,,0.1,0,0,,,,,,,,,
mrtV2_ID0000203,None,compute,0,1706662229.0,,,1706662240.0,1706662289.0,1706662302.0,22561069.7,1706662287.0,1706662316.0,1706662307.0,1706662310.0,2978.0,1706662316.0,1706662321.0,11.0,,47.0,29.0,5.0,13.0,160605089.0,3.0,9303.0,poseidon,condorpool,poseidon-worker-2-container-28-31,mrtV2,/opt/mrtV2/mrtV2,,0.1,0,0,,,,,,,,,
merged_netcdf2png_ID0000241,None,compute,0,1706662229.0,,,1706662240.0,1706662290.0,1706662301.0,29107767.6,1706662288.0,1706662316.0,1706662306.0,1706662309.0,6844.0,1706662316.0,1706662321.0,11.0,,48.0,28.0,5.0,11.0,160656166.0,3.0,21918.0,poseidon,condorpool,poseidon-worker-1-container-32-35,merged_netcdf2png,/opt/netcdf2png/merged_netcdf2png,,0.1,0,0,,,,,,,,,
mrtV2_ID0000200,None,compute,0,1706662229.0,,,1706662240.0,1706662289.0,1706662301.0,26616783.6,1706662287.0,1706662316.0,1706662306.0,1706662309.0,3215.0,1706662316.0,1706662321.0,11.0,,47.0,29.0,5.0,12.0,160605089.0,3.0,10138.0,poseidon,condorpool,poseidon-worker-1-container-44-47,mrtV2,/opt/mrtV2/mrtV2,,0.0,0,0,,,,,,,,,
merged_netcdf2png_ID0000246,None,compute,0,1706662229.0,,,1706662235.0,1706662289.0,1706662300.0,30685181.0,1706662287.0,1706662316.0,1706662305.0,1706662308.0,6941.0,1706662316.0,1706662321.0,6.0,,52.0,29.0,5.0,11.0,160656166.0,3.0,21716.0,poseidon,condorpool,poseidon-worker-1-container-44-47,merged_netcdf2png,/opt/netcdf2png/merged_netcdf2png,,0.1,0,0,,,,,,,,,
mrtV2_ID0000209,None,compute,0,1706662229.0,,,1706662235.0,1706662288.0,1706662300.0,27803889.4,1706662286.0,1706662316.0,1706662305.0,1706662308.0,3242.0,1706662316.0,1706662321.0,6.0,,51.0,30.0,5.0,12.0,160605089.0,3.0,10230.0,poseidon,condorpool,poseidon-worker-1-container-0-3,mrtV2,/opt/mrtV2/mrtV2,,0.1,0,0,,,,,,,,,
merged_netcdf2png_ID0000247,None,compute,0,1706662229.0,,,1706662235.0,1706662288.0,1706662299.0,26829575.5,1706662286.0,1706662316.0,1706662304.0,1706662308.0,6832.0,1706662316.0,1706662321.0,6.0,,51.0,30.0,5.0,11.0,160656166.0,4.0,21980.0,poseidon,condorpool,poseidon-worker-1-container-40-43,merged_netcdf2png,/opt/netcdf2png/merged_netcdf2png,,0.1,0,0,,,,,,,,,
merged_netcdf2png_ID0000248,None,compute,0,1706662229.0,,,1706662235.0,1706662288.0,1706662299.0,30549975.2,1706662286.0,1706662316.0,1706662305.0,1706662308.0,6815.0,1706662316.0,1706662321.0,6.0,,51.0,30.0,5.0,11.0,160656166.0,3.0,21640.0,poseidon,condorpool,poseidon-worker-2-container-40-43,merged_netcdf2png,/opt/netcdf2png/merged_netcdf2png,,0.1,0,0,,,,,,,,,
merged_netcdf2png_ID0000242,None,compute,0,1706662229.0,,,1706662235.0,1706662288.0,1706662299.0,29973150.6,1706662286.0,1706662316.0,1706662305.0,1706662308.0,6846.0,1706662316.0,1706662321.0,6.0,,51.0,30.0,5.0,11.0,160656166.0,3.0,21866.0,poseidon,condorpool,poseidon-worker-2-container-20-23,merged_netcdf2png,/opt/netcdf2png/merged_netcdf2png,,0.1,0,0,,,,,,,,,
mrtV2_ID0000206,None,compute,0,1706662229.0,,,1706662235.0,1706662287.0,1706662299.0,24839320.7,1706662285.0,1706662316.0,1706662305.0,1706662308.0,3270.0,1706662316.0,1706662321.0,6.0,,50.0,31.0,5.0,12.0,160605089.0,3.0,10254.0,poseidon,condorpool,poseidon-worker-2-container-36-39,mrtV2,/opt/mrtV2/mrtV2,,0.1,0,0,,,,,,,,,
merged_netcdf2png_ID0000243,None,compute,0,1706662229.0,,,1706662235.0,1706662275.0,1706662286.0,28396616.5,1706662273.0,1706662301.0,1706662292.0,1706662295.0,6685.0,1706662301.0,1706662306.0,6.0,,38.0,28.0,5.0,11.0,160656166.0,3.0,21751.0,poseidon,condorpool,poseidon-worker-1-container-24-27,merged_netcdf2png,/opt/netcdf2png/merged_netcdf2png,,0.2,0,0,,,,,,,,,
mrtV2_ID0000205,None,compute,0,1706662229.0,,,1706662235.0,1706662271.0,1706662282.0,31971799.2,1706662269.0,1706662301.0,1706662287.0,1706662291.0,3220.0,1706662301.0,1706662306.0,6.0,,34.0,32.0,5.0,11.0,160605089.0,4.0,10237.0,poseidon,condorpool,poseidon-worker-1-container-40-43,mrtV2,/opt/mrtV2/mrtV2,,0.0,0,0,,,,,,,,,
merged_netcdf2png_ID0000250,None,compute,0,1706662229.0,,,1706662240.0,1706662292.0,1706662304.0,26158261.3,1706662290.0,1706662321.0,1706662309.0,1706662313.0,6755.0,1706662321.0,1706662326.0,11.0,,50.0,31.0,5.0,12.0,160656166.0,4.0,21619.0,poseidon,condorpool,poseidon-worker-1-container-36-39,merged_netcdf2png,/opt/netcdf2png/merged_netcdf2png,,0.1,0,0,,,,,,,,,
merged_netcdf2png_ID0000244,None,compute,0,1706662229.0,,,1706662235.0,1706662272.0,1706662283.0,28539237.0,1706662271.0,1706662301.0,1706662289.0,1706662292.0,6590.0,1706662301.0,1706662306.0,6.0,,36.0,30.0,5.0,11.0,160656166.0,3.0,21589.0,poseidon,condorpool,poseidon-worker-1-container-24-27,merged_netcdf2png,/opt/netcdf2png/merged_netcdf2png,,0.1,0,0,,,,,,,,,
mrtV2_ID0000204,None,compute,0,1706662229.0,,,1706662240.0,1706662289.0,1706662301.0,30897811.2,1706662287.0,1706662316.0,1706662306.0,1706662309.0,3161.0,1706662316.0,1706662321.0,11.0,,47.0,29.0,5.0,12.0,160605089.0,3.0,10040.0,poseidon,condorpool,poseidon-worker-1-container-20-23,mrtV2,/opt/mrtV2/mrtV2,,0.1,0,0,,,,,,,,,
mrtV2_ID0000213,None,compute,0,1706662229.0,,,1706662240.0,1706662292.0,1706662304.0,27218052.0,1706662290.0,1706662321.0,1706662309.0,1706662312.0,3002.0,1706662321.0,1706662326.0,11.0,,50.0,31.0,5.0,12.0,160605089.0,3.0,9549.0,poseidon,condorpool,poseidon-worker-1-container-16-19,mrtV2,/opt/mrtV2/mrtV2,,0.1,0,0,,,,,,,,,
merged_netcdf2png_ID0000237,None,compute,0,1706662229.0,,,1706662240.0,1706662295.0,1706662307.0,26339106.3,1706662293.0,1706662326.0,1706662313.0,1706662316.0,6764.0,1706662326.0,1706662331.0,11.0,,53.0,33.0,5.0,12.0,160656166.0,3.0,21821.0,poseidon,condorpool,poseidon-worker-2-container-8-11,merged_netcdf2png,/opt/netcdf2png/merged_netcdf2png,,0.1,0,0,,,,,,,,,
merged_netcdf2png_ID0000222,None,compute,0,1706662229.0,,,1706662240.0,1706662292.0,1706662304.0,27555374.2,1706662290.0,1706662321.0,1706662309.0,1706662312.0,6866.0,1706662321.0,1706662326.0,11.0,,50.0,31.0,5.0,12.0,160656166.0,3.0,22176.0,poseidon,condorpool,poseidon-worker-2-container-40-43,merged_netcdf2png,/opt/netcdf2png/merged_netcdf2png,,0.1,0,0,,,,,,,,,
mrtV2_ID0000208,None,compute,0,1706662229.0,,,1706662235.0,1706662270.0,1706662281.0,32073154.6,1706662268.0,1706662296.0,1706662287.0,1706662290.0,3203.0,1706662296.0,1706662301.0,6.0,,33.0,28.0,5.0,11.0,160605089.0,3.0,10131.0,poseidon,condorpool,poseidon-worker-2-container-16-19,mrtV2,/opt/mrtV2/mrtV2,,0.1,0,0,,,,,,,,,
stage_out_local_condorpool_0_0,None,transfer,0,1706662229.0,,,1706662234.0,,,0.0,1706662235.0,1706662251.0,,,0.0,1706662251.0,1706662256.0,5.0,,1.0,16.0,5.0,,,,,poseidon,local,poseidon-submit,pegasus::transfer,/mnt/poseidon-data/poseidon/pegasus-5.1.0panorama/bin/pegasus-transfer,/home/poseidon/pegasus-5.1.0panorama/bin/../bin/pegasus-kickstart  -n pegasus::transfer -N null -i - -R local  -L casa-nowcast-small -T 2024-01-31T00:08:22+00:00 /home/poseidon/pegasus-5.1.0panorama/bin/../bin/pegasus-transfer  --threads 2,15.6,0,0,,,,,,,,,
merged_netcdf2png_ID0000239,None,compute,0,1706662229.0,,,1706662240.0,1706662296.0,1706662307.0,30527081.2,1706662293.0,1706662321.0,1706662312.0,1706662315.0,6743.0,1706662322.0,1706662326.0,11.0,,53.0,28.0,4.0,11.0,160656166.0,3.0,21718.0,poseidon,condorpool,poseidon-worker-2-container-36-39,merged_netcdf2png,/opt/netcdf2png/merged_netcdf2png,,0.1,0,0,,,,,,,,,
merged_netcdf2png_ID0000230,None,compute,0,1706662229.0,,,1706662240.0,1706662295.0,1706662307.0,28607550.4,1706662293.0,1706662321.0,1706662312.0,1706662315.0,6778.0,1706662322.0,1706662326.0,11.0,,53.0,28.0,4.0,12.0,160656166.0,3.0,22085.0,poseidon,condorpool,poseidon-worker-1-container-20-23,merged_netcdf2png,/opt/netcdf2png/merged_netcdf2png,,0.1,0,0,,,,,,,,,
mrtV2_ID0000198,None,compute,0,1706662229.0,,,1706662240.0,1706662296.0,1706662307.0,26865483.0,1706662294.0,1706662326.0,1706662313.0,1706662316.0,3250.0,1706662326.0,1706662331.0,11.0,,54.0,32.0,5.0,11.0,160605089.0,3.0,10529.0,poseidon,condorpool,poseidon-worker-2-container-28-31,mrtV2,/opt/mrtV2/mrtV2,,0.0,0,0,,,,,,,,,
mrtV2_ID0000197,None,compute,0,1706662229.0,,,1706662240.0,1706662295.0,1706662306.0,31449112.6,1706662293.0,1706662321.0,1706662311.0,1706662314.0,3249.0,1706662322.0,1706662326.0,11.0,,53.0,28.0,4.0,11.0,160605089.0,3.0,10335.0,poseidon,condorpool,poseidon-worker-1-container-32-35,mrtV2,/opt/mrtV2/mrtV2,,0.0,0,0,,,,,,,,,
mrtV2_ID0000199,None,compute,0,1706662229.0,,,1706662240.0,1706662295.0,1706662306.0,29481424.6,1706662293.0,1706662321.0,1706662312.0,1706662315.0,2930.0,1706662322.0,1706662326.0,11.0,,53.0,28.0,4.0,11.0,160605089.0,3.0,9309.0,poseidon,condorpool,poseidon-worker-2-container-0-3,mrtV2,/opt/mrtV2/mrtV2,,0.0,0,0,,,,,,,,,
merged_netcdf2png_ID0000235,None,compute,0,1706662229.0,,,1706662240.0,1706662295.0,1706662306.0,28193897.6,1706662293.0,1706662321.0,1706662312.0,1706662315.0,6840.0,1706662322.0,1706662326.0,11.0,,53.0,28.0,4.0,11.0,160656166.0,3.0,21849.0,poseidon,condorpool,poseidon-worker-1-container-16-19,merged_netcdf2png,/opt/netcdf2png/merged_netcdf2png,,0.1,0,0,,,,,,,,,
merged_netcdf2png_ID0000236,None,compute,0,1706662229.0,,,1706662240.0,1706662296.0,1706662307.0,28353391.4,1706662294.0,1706662326.0,1706662313.0,1706662316.0,6631.0,1706662326.0,1706662331.0,11.0,,54.0,32.0,5.0,11.0,160656166.0,3.0,21731.0,poseidon,condorpool,poseidon-worker-1-container-36-39,merged_netcdf2png,/opt/netcdf2png/merged_netcdf2png,,0.1,0,0,,,,,,,,,
merged_netcdf2png_ID0000238,None,compute,0,1706662229.0,,,1706662240.0,1706662295.0,1706662306.0,30556174.8,1706662293.0,1706662321.0,1706662311.0,1706662315.0,6777.0,1706662322.0,1706662326.0,11.0,,53.0,28.0,4.0,11.0,160656166.0,4.0,21675.0,poseidon,condorpool,poseidon-worker-1-container-16-19,merged_netcdf2png,/opt/netcdf2png/merged_netcdf2png,,0.1,0,0,,,,,,,,,
merged_netcdf2png_ID0000231,None,compute,0,1706662229.0,,,1706662240.0,1706662294.0,1706662306.0,28594666.0,1706662292.0,1706662321.0,1706662311.0,1706662314.0,7013.0,1706662322.0,1706662326.0,11.0,,52.0,29.0,4.0,12.0,160656166.0,3.0,21973.0,poseidon,condorpool,poseidon-worker-1-container-36-39,merged_netcdf2png,/opt/netcdf2png/merged_netcdf2png,,0.1,0,0,,,,,,,,,
merged_netcdf2png_ID0000232,None,compute,0,1706662229.0,,,1706662240.0,1706662295.0,1706662306.0,31250472.4,1706662292.0,1706662321.0,1706662311.0,1706662315.0,6899.0,1706662322.0,1706662326.0,11.0,,52.0,29.0,4.0,11.0,160656166.0,4.0,21956.0,poseidon,condorpool,poseidon-worker-1-container-44-47,merged_netcdf2png,/opt/netcdf2png/merged_netcdf2png,,0.1,0,0,,,,,,,,,
merged_netcdf2png_ID0000233,None,compute,0,1706662229.0,,,1706662240.0,1706662296.0,1706662308.0,26694271.0,1706662294.0,1706662326.0,1706662313.0,1706662316.0,6706.0,1706662326.0,1706662331.0,11.0,,54.0,32.0,5.0,12.0,160656166.0,3.0,21909.0,poseidon,condorpool,poseidon-worker-1-container-20-23,merged_netcdf2png,/opt/netcdf2png/merged_netcdf2png,,0.1,0,0,,,,,,,,,
merged_netcdf2png_ID0000223,None,compute,0,1706662229.0,,,1706662240.0,1706662293.0,1706662304.0,29635335.6,1706662291.0,1706662321.0,1706662310.0,1706662313.0,6981.0,1706662321.0,1706662326.0,11.0,,51.0,30.0,5.0,11.0,160656166.0,3.0,22022.0,poseidon,condorpool,poseidon-worker-2-container-8-11,merged_netcdf2png,/opt/netcdf2png/merged_netcdf2png,,0.1,0,0,,,,,,,,,
merged_netcdf2png_ID0000234,None,compute,0,1706662229.0,,,1706662240.0,1706662295.0,1706662306.0,30161976.4,1706662292.0,1706662321.0,1706662311.0,1706662314.0,6836.0,1706662322.0,1706662326.0,11.0,,52.0,29.0,4.0,11.0,160656166.0,3.0,21714.0,poseidon,condorpool,poseidon-worker-1-container-4-7,merged_netcdf2png,/opt/netcdf2png/merged_netcdf2png,,0.1,0,0,,,,,,,,,
merged_netcdf2png_ID0000229,None,compute,0,1706662229.0,,,1706662240.0,1706662294.0,1706662305.0,29503426.8,1706662292.0,1706662321.0,1706662311.0,1706662314.0,6815.0,1706662322.0,1706662326.0,11.0,,52.0,29.0,4.0,11.0,160656166.0,3.0,21732.0,poseidon,condorpool,poseidon-worker-2-container-16-19,merged_netcdf2png,/opt/netcdf2png/merged_netcdf2png,,0.1,0,0,,,,,,,,,
mrtV2_ID0000194,None,compute,0,1706662229.0,,,1706662240.0,1706662294.0,1706662305.0,27728436.5,1706662292.0,1706662321.0,1706662310.0,1706662314.0,3277.0,1706662322.0,1706662326.0,11.0,,52.0,29.0,4.0,11.0,160605089.0,4.0,10432.0,poseidon,condorpool,poseidon-worker-2-container-4-7,mrtV2,/opt/mrtV2/mrtV2,,0.0,0,0,,,,,,,,,
mrtV2_ID0000193,None,compute,0,1706662229.0,,,1706662240.0,1706662294.0,1706662305.0,29201797.0,1706662291.0,1706662321.0,1706662310.0,1706662314.0,2668.0,1706662322.0,1706662326.0,11.0,,51.0,30.0,4.0,11.0,160605089.0,4.0,8682.0,poseidon,condorpool,poseidon-worker-1-container-40-43,mrtV2,/opt/mrtV2/mrtV2,,0.0,0,0,,,,,,,,,
mrtV2_ID0000196,None,compute,0,1706662229.0,,,1706662240.0,1706662294.0,1706662306.0,25460062.0,1706662291.0,1706662321.0,1706662311.0,1706662314.0,3368.0,1706662322.0,1706662326.0,11.0,,51.0,30.0,4.0,12.0,160605089.0,3.0,10648.0,poseidon,condorpool,poseidon-worker-1-container-20-23,mrtV2,/opt/mrtV2/mrtV2,,0.0,0,0,,,,,,,,,
mrtV2_ID0000195,None,compute,0,1706662229.0,,,1706662240.0,1706662294.0,1706662310.0,16105817.3,1706662292.0,1706662326.0,1706662315.0,1706662318.0,3272.0,1706662327.0,1706662331.0,11.0,,52.0,34.0,4.0,16.0,160605089.0,3.0,10623.0,poseidon,condorpool,poseidon-worker-2-container-36-39,mrtV2,/opt/mrtV2/mrtV2,,0.0,0,0,,,,,,,,,
mrtV2_ID0000192,None,compute,0,1706662229.0,,,1706662240.0,1706662293.0,1706662305.0,27974010.6,1706662291.0,1706662321.0,1706662310.0,1706662313.0,2773.0,1706662321.0,1706662326.0,11.0,,51.0,30.0,5.0,12.0,160605089.0,3.0,8796.0,poseidon,condorpool,poseidon-worker-1-container-28-31,mrtV2,/opt/mrtV2/mrtV2,,0.0,0,0,,,,,,,,,
mrtV2_ID0000191,None,compute,0,1706662229.0,,,1706662240.0,1706662293.0,1706662305.0,29150135.0,1706662291.0,1706662321.0,1706662310.0,1706662313.0,3310.0,1706662321.0,1706662326.0,11.0,,51.0,30.0,5.0,12.0,160605089.0,3.0,10616.0,poseidon,condorpool,poseidon-worker-1-container-4-7,mrtV2,/opt/mrtV2/mrtV2,,0.0,0,0,,,,,,,,,
mrtV2_ID0000220,None,compute,0,1706662229.0,,,1706662240.0,1706662293.0,1706662304.0,31725018.0,1706662291.0,1706662321.0,1706662310.0,1706662313.0,2649.0,1706662321.0,1706662326.0,11.0,,51.0,30.0,5.0,11.0,160605089.0,3.0,8433.0,poseidon,condorpool,poseidon-worker-2-container-32-35,mrtV2,/opt/mrtV2/mrtV2,,0.1,0,0,,,,,,,,,
mrtV2_ID0000221,None,compute,0,1706662229.0,,,1706662240.0,1706662293.0,1706662305.0,29110967.0,1706662291.0,1706662321.0,1706662310.0,1706662313.0,2882.0,1706662322.0,1706662326.0,11.0,,51.0,30.0,4.0,12.0,160605089.0,3.0,9174.0,poseidon,condorpool,poseidon-worker-2-container-40-43,mrtV2,/opt/mrtV2/mrtV2,,0.0,0,0,,,,,,,,,
merged_netcdf2png_ID0000224,None,compute,0,1706662229.0,,,1706662240.0,1706662293.0,1706662305.0,29361810.8,1706662291.0,1706662321.0,1706662310.0,1706662313.0,6851.0,1706662322.0,1706662326.0,11.0,,51.0,30.0,4.0,12.0,160656166.0,3.0,21988.0,poseidon,condorpool,poseidon-worker-1-container-16-19,merged_netcdf2png,/opt/netcdf2png/merged_netcdf2png,,0.1,0,0,,,,,,,,,
merged_netcdf2png_ID0000225,None,compute,0,1706662229.0,,,1706662240.0,1706662293.0,1706662304.0,27510075.0,1706662291.0,1706662321.0,1706662309.0,1706662312.0,6811.0,1706662321.0,1706662326.0,11.0,,51.0,30.0,5.0,11.0,160656166.0,3.0,22002.0,poseidon,condorpool,poseidon-worker-1-container-32-35,merged_netcdf2png,/opt/netcdf2png/merged_netcdf2png,,0.1,0,0,,,,,,,,,
merged_netcdf2png_ID0000226,None,compute,0,1706662229.0,,,1706662240.0,1706662293.0,1706662304.0,27824805.0,1706662290.0,1706662321.0,1706662309.0,1706662312.0,6767.0,1706662321.0,1706662326.0,11.0,,50.0,31.0,5.0,11.0,160656166.0,3.0,22051.0,poseidon,condorpool,poseidon-worker-2-container-4-7,merged_netcdf2png,/opt/netcdf2png/merged_netcdf2png,,0.1,0,0,,,,,,,,,
merged_netcdf2png_ID0000227,None,compute,0,1706662229.0,,,1706662240.0,1706662293.0,1706662310.0,13841722.4,1706662290.0,1706662326.0,1706662315.0,1706662318.0,6860.0,1706662327.0,1706662331.0,11.0,,50.0,36.0,4.0,17.0,160656166.0,3.0,22000.0,poseidon,condorpool,poseidon-worker-2-container-28-31,merged_netcdf2png,/opt/netcdf2png/merged_netcdf2png,,0.1,0,0,,,,,,,,,
merged_netcdf2png_ID0000228,None,compute,0,1706662229.0,,,1706662240.0,1706662294.0,1706662305.0,28033915.5,1706662292.0,1706662321.0,1706662311.0,1706662314.0,7100.0,1706662322.0,1706662326.0,11.0,,52.0,29.0,4.0,11.0,160656166.0,3.0,21982.0,poseidon,condorpool,poseidon-worker-1-container-0-3,merged_netcdf2png,/opt/netcdf2png/merged_netcdf2png,,0.1,0,0,,,,,,,,,
merged_netcdf2png_ID0000245,None,compute,0,1706662229.0,,,1706662235.0,1706662271.0,1706662282.0,32072141.2,1706662269.0,1706662301.0,1706662287.0,1706662290.0,6705.0,1706662301.0,1706662306.0,6.0,,34.0,32.0,5.0,11.0,160656166.0,3.0,21637.0,poseidon,condorpool,poseidon-worker-2-container-12-15,merged_netcdf2png,/opt/netcdf2png/merged_netcdf2png,,0.1,0,0,,,,,,,,,
mrtV2_ID0000325,None,compute,0,1706662229.0,,,1706662240.0,1706662297.0,1706662307.0,27629949.0,1706662294.0,1706662326.0,1706662313.0,1706662316.0,3296.0,1706662326.0,1706662331.0,11.0,,54.0,32.0,5.0,10.0,160605089.0,3.0,10710.0,poseidon,condorpool,poseidon-worker-2-container-12-15,mrtV2,/opt/mrtV2/mrtV2,,0.1,0,0,,,,,,,,,
merged_netcdf2png_ID0000350,None,compute,0,1706662229.0,,,1706662246.0,1706662321.0,1706662332.0,28268064.6,1706662319.0,1706662351.0,1706662337.0,1706662340.0,7020.0,1706662351.0,1706662356.0,17.0,,73.0,32.0,5.0,11.0,160656166.0,3.0,22469.0,poseidon,condorpool,poseidon-worker-2-container-36-39,merged_netcdf2png,/opt/netcdf2png/merged_netcdf2png,,0.1,0,0,,,,,,,,,
mrtV2_ID0000070,None,compute,0,1706662229.0,,,1706662246.0,1706662325.0,1706662336.0,29903096.6,1706662323.0,1706662351.0,1706662341.0,1706662345.0,3565.0,1706662351.0,1706662356.0,17.0,,77.0,28.0,5.0,11.0,160605089.0,4.0,11595.0,poseidon,condorpool,poseidon-worker-1-container-36-39,mrtV2,/opt/mrtV2/mrtV2,,0.1,0,0,,,,,,,,,
mrtV2_ID0000071,None,compute,0,1706662229.0,,,1706662246.0,1706662325.0,1706662336.0,31388872.2,1706662322.0,1706662351.0,1706662341.0,1706662344.0,3060.0,1706662351.0,1706662356.0,17.0,,76.0,29.0,5.0,11.0,160605089.0,3.0,10072.0,poseidon,condorpool,poseidon-worker-2-container-8-11,mrtV2,/opt/mrtV2/mrtV2,,0.0,0,0,,,,,,,,,
mrtV2_ID0000074,None,compute,0,1706662229.0,,,1706662246.0,1706662325.0,1706662336.0,29755144.8,1706662322.0,1706662351.0,1706662341.0,1706662345.0,3508.0,1706662351.0,1706662356.0,17.0,,76.0,29.0,5.0,11.0,160605089.0,4.0,11373.0,poseidon,condorpool,poseidon-worker-2-container-12-15,mrtV2,/opt/mrtV2/mrtV2,,0.0,0,0,,,,,,,,,
mrtV2_ID0000075,None,compute,0,1706662229.0,,,1706662246.0,1706662325.0,1706662336.0,29923193.8,1706662322.0,1706662351.0,1706662341.0,1706662345.0,3057.0,1706662351.0,1706662356.0,17.0,,76.0,29.0,5.0,11.0,160605089.0,4.0,9985.0,poseidon,condorpool,poseidon-worker-2-container-20-23,mrtV2,/opt/mrtV2/mrtV2,,0.0,0,0,,,,,,,,,
mrtV2_ID0000072,None,compute,0,1706662229.0,,,1706662246.0,1706662325.0,1706662336.0,31636655.0,1706662323.0,1706662351.0,1706662341.0,1706662345.0,3440.0,1706662351.0,1706662356.0,17.0,,77.0,28.0,5.0,11.0,160605089.0,4.0,11210.0,poseidon,condorpool,poseidon-worker-2-container-8-11,mrtV2,/opt/mrtV2/mrtV2,,0.1,0,0,,,,,,,,,
mrtV2_ID0000073,None,compute,0,1706662229.0,,,1706662246.0,1706662326.0,1706662337.0,29029932.2,1706662323.0,1706662351.0,1706662342.0,1706662345.0,3190.0,1706662352.0,1706662356.0,17.0,,77.0,28.0,4.0,11.0,160605089.0,3.0,10247.0,poseidon,condorpool,poseidon-worker-2-container-28-31,mrtV2,/opt/mrtV2/mrtV2,,0.0,0,0,,,,,,,,,
merged_netcdf2png_ID0000109,None,compute,0,1706662229.0,,,1706662246.0,1706662325.0,1706662336.0,28393441.0,1706662323.0,1706662351.0,1706662341.0,1706662344.0,6751.0,1706662351.0,1706662356.0,17.0,,77.0,28.0,5.0,11.0,160656166.0,3.0,21889.0,poseidon,condorpool,poseidon-worker-1-container-20-23,merged_netcdf2png,/opt/netcdf2png/merged_netcdf2png,,0.1,0,0,,,,,,,,,
merged_netcdf2png_ID0000108,None,compute,0,1706662229.0,,,1706662246.0,1706662326.0,1706662337.0,30136984.4,1706662324.0,1706662356.0,1706662342.0,1706662346.0,6622.0,1706662356.0,1706662361.0,17.0,,78.0,32.0,5.0,11.0,160656166.0,4.0,21528.0,poseidon,condorpool,poseidon-worker-1-container-8-11,merged_netcdf2png,/opt/netcdf2png/merged_netcdf2png,,0.1,0,0,,,,,,,,,
merged_netcdf2png_ID0000107,None,compute,0,1706662229.0,,,1706662246.0,1706662326.0,1706662337.0,28483213.5,1706662324.0,1706662351.0,1706662342.0,1706662346.0,6851.0,1706662352.0,1706662356.0,17.0,,78.0,27.0,4.0,11.0,160656166.0,4.0,21844.0,poseidon,condorpool,poseidon-worker-1-container-12-15,merged_netcdf2png,/opt/netcdf2png/merged_netcdf2png,,0.1,0,0,,,,,,,,,
merged_netcdf2png_ID0000113,None,compute,0,1706662229.0,,,1706662246.0,1706662325.0,1706662336.0,28432711.5,1706662323.0,1706662351.0,1706662341.0,1706662345.0,6748.0,1706662351.0,1706662356.0,17.0,,77.0,28.0,5.0,11.0,160656166.0,4.0,21646.0,poseidon,condorpool,poseidon-worker-2-container-20-23,merged_netcdf2png,/opt/netcdf2png/merged_netcdf2png,,0.1,0,0,,,,,,,,,
mrtV2_ID0000207,None,compute,0,1706662229.0,,,1706662235.0,1706662270.0,1706662281.0,31684523.0,1706662268.0,1706662296.0,1706662286.0,1706662289.0,3043.0,1706662296.0,1706662301.0,6.0,,33.0,28.0,5.0,11.0,160605089.0,3.0,9936.0,poseidon,condorpool,poseidon-worker-2-container-0-3,mrtV2,/opt/mrtV2/mrtV2,,0.1,0,0,,,,,,,,,
merged_netcdf2png_ID0000111,None,compute,0,1706662229.0,,,1706662246.0,1706662326.0,1706662336.0,28337833.0,1706662323.0,1706662351.0,1706662342.0,1706662345.0,6718.0,1706662351.0,1706662356.0,17.0,,77.0,28.0,5.0,10.0,160656166.0,3.0,21604.0,poseidon,condorpool,poseidon-worker-1-container-0-3,merged_netcdf2png,/opt/netcdf2png/merged_netcdf2png,,0.1,0,0,,,,,,,,,
merged_netcdf2png_ID0000110,None,compute,0,1706662229.0,,,1706662246.0,1706662325.0,1706662336.0,30354789.4,1706662323.0,1706662351.0,1706662342.0,1706662345.0,6672.0,1706662352.0,1706662356.0,17.0,,77.0,28.0,4.0,11.0,160656166.0,3.0,21790.0,poseidon,condorpool,poseidon-worker-2-container-12-15,merged_netcdf2png,/opt/netcdf2png/merged_netcdf2png,,0.1,0,0,,,,,,,,,
merged_netcdf2png_ID0000117,None,compute,0,1706662229.0,,,1706662246.0,1706662326.0,1706662337.0,28869977.0,1706662324.0,1706662351.0,1706662342.0,1706662345.0,6602.0,1706662352.0,1706662356.0,17.0,,78.0,27.0,4.0,11.0,160656166.0,3.0,21581.0,poseidon,condorpool,poseidon-worker-1-container-40-43,merged_netcdf2png,/opt/netcdf2png/merged_netcdf2png,,0.1,0,0,,,,,,,,,
merged_netcdf2png_ID0000116,None,compute,0,1706662229.0,,,1706662246.0,1706662326.0,1706662337.0,27678317.5,1706662324.0,1706662351.0,1706662342.0,1706662345.0,6591.0,1706662352.0,1706662356.0,17.0,,78.0,27.0,4.0,11.0,160656166.0,3.0,21632.0,poseidon,condorpool,poseidon-worker-1-container-28-31,merged_netcdf2png,/opt/netcdf2png/merged_netcdf2png,,0.1,0,0,,,,,,,,,
merged_netcdf2png_ID0000115,None,compute,0,1706662229.0,,,1706662246.0,1706662326.0,1706662336.0,28324472.5,1706662324.0,1706662351.0,1706662342.0,1706662345.0,6528.0,1706662352.0,1706662356.0,17.0,,78.0,27.0,4.0,10.0,160656166.0,3.0,21640.0,poseidon,condorpool,poseidon-worker-2-container-16-19,merged_netcdf2png,/opt/netcdf2png/merged_netcdf2png,,0.1,0,0,,,,,,,,,
merged_netcdf2png_ID0000114,None,compute,0,1706662229.0,,,1706662246.0,1706662327.0,1706662337.0,28531031.5,1706662325.0,1706662356.0,1706662343.0,1706662346.0,6716.0,1706662356.0,1706662361.0,17.0,,79.0,31.0,5.0,10.0,160656166.0,3.0,21382.0,poseidon,condorpool,poseidon-worker-1-container-32-35,merged_netcdf2png,/opt/netcdf2png/merged_netcdf2png,,0.1,0,0,,,,,,,,,
mrtV2_ID0000078,None,compute,0,1706662229.0,,,1706662246.0,1706662326.0,1706662337.0,28448367.5,1706662324.0,1706662351.0,1706662342.0,1706662345.0,3607.0,1706662352.0,1706662356.0,17.0,,78.0,27.0,4.0,11.0,160605089.0,3.0,11674.0,poseidon,condorpool,poseidon-worker-1-container-4-7,mrtV2,/opt/mrtV2/mrtV2,,0.1,0,0,,,,,,,,,
mrtV2_ID0000079,None,compute,0,1706662229.0,,,1706662246.0,1706662326.0,1706662337.0,28086731.5,1706662324.0,1706662351.0,1706662342.0,1706662345.0,2603.0,1706662352.0,1706662356.0,17.0,,78.0,27.0,4.0,11.0,160605089.0,3.0,8252.0,poseidon,condorpool,poseidon-worker-2-container-4-7,mrtV2,/opt/mrtV2/mrtV2,,0.0,0,0,,,,,,,,,
mrtV2_ID0000076,None,compute,0,1706662229.0,,,1706662246.0,1706662326.0,1706662337.0,27782976.5,1706662324.0,1706662356.0,1706662343.0,1706662346.0,3483.0,1706662356.0,1706662361.0,17.0,,78.0,32.0,5.0,11.0,160605089.0,3.0,11084.0,poseidon,condorpool,poseidon-worker-2-container-0-3,mrtV2,/opt/mrtV2/mrtV2,,0.1,0,0,,,,,,,,,
mrtV2_ID0000077,None,compute,0,1706662229.0,,,1706662246.0,1706662326.0,1706662337.0,28522821.5,1706662324.0,1706662356.0,1706662343.0,1706662346.0,2715.0,1706662356.0,1706662361.0,17.0,,78.0,32.0,5.0,11.0,160605089.0,3.0,8741.0,poseidon,condorpool,poseidon-worker-2-container-16-19,mrtV2,/opt/mrtV2/mrtV2,,0.1,0,0,,,,,,,,,
mrtV2_ID0000081,None,compute,0,1706662229.0,,,1706662246.0,1706662328.0,1706662338.0,31202242.4,1706662326.0,1706662356.0,1706662344.0,1706662347.0,3051.0,1706662356.0,1706662361.0,17.0,,80.0,30.0,5.0,10.0,160605089.0,3.0,9561.0,poseidon,condorpool,poseidon-worker-2-container-44-47,mrtV2,/opt/mrtV2/mrtV2,,0.0,0,0,,,,,,,,,
mrtV2_ID0000082,None,compute,0,1706662229.0,,,1706662246.0,1706662327.0,1706662338.0,30422171.8,1706662325.0,1706662356.0,1706662343.0,1706662346.0,3575.0,1706662356.0,1706662361.0,17.0,,79.0,31.0,5.0,11.0,160605089.0,3.0,11234.0,poseidon,condorpool,poseidon-worker-2-container-0-3,mrtV2,/opt/mrtV2/mrtV2,,0.1,0,0,,,,,,,,,
mrtV2_ID0000080,None,compute,0,1706662229.0,,,1706662246.0,1706662327.0,1706662338.0,30116277.8,1706662325.0,1706662356.0,1706662343.0,1706662346.0,2734.0,1706662356.0,1706662361.0,17.0,,79.0,31.0,5.0,11.0,160605089.0,3.0,8681.0,poseidon,condorpool,poseidon-worker-1-container-28-31,mrtV2,/opt/mrtV2/mrtV2,,0.0,0,0,,,,,,,,,
mrtV2_ID0000085,None,compute,0,1706662229.0,,,1706662246.0,1706662327.0,1706662338.0,27446988.0,1706662325.0,1706662356.0,1706662343.0,1706662346.0,3372.0,1706662356.0,1706662361.0,17.0,,79.0,31.0,5.0,11.0,160605089.0,3.0,10680.0,poseidon,condorpool,poseidon-worker-2-container-36-39,mrtV2,/opt/mrtV2/mrtV2,,0.1,0,0,,,,,,,,,
mrtV2_ID0000086,None,compute,0,1706662229.0,,,1706662246.0,1706662328.0,1706662339.0,28594378.5,1706662326.0,1706662356.0,1706662344.0,1706662347.0,2933.0,1706662356.0,1706662361.0,17.0,,80.0,30.0,5.0,11.0,160605089.0,3.0,9170.0,poseidon,condorpool,poseidon-worker-1-container-12-15,mrtV2,/opt/mrtV2/mrtV2,,0.1,0,0,,,,,,,,,
mrtV2_ID0000083,None,compute,0,1706662229.0,,,1706662246.0,1706662332.0,1706662343.0,28636875.8,1706662330.0,1706662361.0,1706662348.0,1706662351.0,3277.0,1706662361.0,1706662366.0,17.0,,84.0,31.0,5.0,11.0,160605089.0,3.0,10101.0,poseidon,condorpool,poseidon-worker-1-container-24-27,mrtV2,/opt/mrtV2/mrtV2,,0.0,0,0,,,,,,,,,
mrtV2_ID0000069,None,compute,0,1706662229.0,,,1706662246.0,1706662325.0,1706662335.0,27936063.0,1706662323.0,1706662351.0,1706662341.0,1706662344.0,3520.0,1706662351.0,1706662356.0,17.0,,77.0,28.0,5.0,10.0,160605089.0,3.0,11366.0,poseidon,condorpool,poseidon-worker-1-container-8-11,mrtV2,/opt/mrtV2/mrtV2,,0.1,0,0,,,,,,,,,
mrtV2_ID0000066,None,compute,0,1706662229.0,,,1706662246.0,1706662324.0,1706662335.0,28722381.5,1706662322.0,1706662351.0,1706662340.0,1706662344.0,3780.0,1706662351.0,1706662356.0,17.0,,76.0,29.0,5.0,11.0,160605089.0,4.0,12030.0,poseidon,condorpool,poseidon-worker-2-container-24-27,mrtV2,/opt/mrtV2/mrtV2,,0.0,0,0,,,,,,,,,
mrtV2_ID0000065,None,compute,0,1706662229.0,,,1706662246.0,1706662324.0,1706662335.0,28514855.5,1706662322.0,1706662351.0,1706662340.0,1706662344.0,3782.0,1706662351.0,1706662356.0,17.0,,76.0,29.0,5.0,11.0,160605089.0,4.0,12002.0,poseidon,condorpool,poseidon-worker-2-container-32-35,mrtV2,/opt/mrtV2/mrtV2,,0.1,0,0,,,,,,,,,
mrtV2_ID0000068,None,compute,0,1706662229.0,,,1706662246.0,1706662325.0,1706662336.0,26329005.2,1706662322.0,1706662351.0,1706662342.0,1706662345.0,3638.0,1706662351.0,1706662356.0,17.0,,76.0,29.0,5.0,11.0,160605089.0,3.0,11904.0,poseidon,condorpool,poseidon-worker-2-container-36-39,mrtV2,/opt/mrtV2/mrtV2,,0.1,0,0,,,,,,,,,
merged_netcdf2png_ID0000124,None,compute,0,1706662229.0,,,1706662246.0,1706662321.0,1706662334.0,22105666.7,1706662319.0,1706662351.0,1706662339.0,1706662342.0,6701.0,1706662351.0,1706662356.0,17.0,,73.0,32.0,5.0,13.0,160656166.0,3.0,21350.0,poseidon,condorpool,poseidon-worker-1-container-16-19,merged_netcdf2png,/opt/netcdf2png/merged_netcdf2png,,0.1,0,0,,,,,,,,,
merged_netcdf2png_ID0000123,None,compute,0,1706662229.0,,,1706662246.0,1706662321.0,1706662332.0,26984635.5,1706662319.0,1706662351.0,1706662337.0,1706662341.0,6806.0,1706662351.0,1706662356.0,17.0,,73.0,32.0,5.0,11.0,160656166.0,4.0,21371.0,poseidon,condorpool,poseidon-worker-1-container-32-35,merged_netcdf2png,/opt/netcdf2png/merged_netcdf2png,,0.1,0,0,,,,,,,,,
merged_netcdf2png_ID0000122,None,compute,0,1706662229.0,,,1706662246.0,1706662321.0,1706662332.0,30564707.2,1706662319.0,1706662346.0,1706662337.0,1706662340.0,6772.0,1706662346.0,1706662351.0,17.0,,73.0,27.0,5.0,11.0,160656166.0,3.0,21394.0,poseidon,condorpool,poseidon-worker-2-container-40-43,merged_netcdf2png,/opt/netcdf2png/merged_netcdf2png,,0.1,0,0,,,,,,,,,
merged_netcdf2png_ID0000121,None,compute,0,1706662229.0,,,1706662246.0,1706662321.0,1706662332.0,27718517.0,1706662319.0,1706662346.0,1706662337.0,1706662340.0,6798.0,1706662346.0,1706662351.0,17.0,,73.0,27.0,5.0,11.0,160656166.0,3.0,21444.0,poseidon,condorpool,poseidon-worker-1-container-4-7,merged_netcdf2png,/opt/netcdf2png/merged_netcdf2png,,0.1,0,0,,,,,,,,,
merged_netcdf2png_ID0000126,None,compute,0,1706662229.0,,,1706662246.0,1706662321.0,1706662333.0,25481270.0,1706662319.0,1706662351.0,1706662338.0,1706662342.0,6646.0,1706662351.0,1706662356.0,17.0,,73.0,32.0,5.0,12.0,160656166.0,4.0,21517.0,poseidon,condorpool,poseidon-worker-1-container-36-39,merged_netcdf2png,/opt/netcdf2png/merged_netcdf2png,,0.1,0,0,,,,,,,,,
merged_netcdf2png_ID0000125,None,compute,0,1706662229.0,,,1706662246.0,1706662327.0,1706662338.0,28137499.0,1706662325.0,1706662356.0,1706662343.0,1706662346.0,6796.0,1706662356.0,1706662361.0,17.0,,79.0,31.0,5.0,11.0,160656166.0,3.0,21641.0,poseidon,condorpool,poseidon-worker-2-container-4-7,merged_netcdf2png,/opt/netcdf2png/merged_netcdf2png,,0.1,0,0,,,,,,,,,
mrtV2_ID0000089,None,compute,0,1706662229.0,,,1706662246.0,1706662322.0,1706662333.0,31925011.2,1706662320.0,1706662351.0,1706662338.0,1706662342.0,2844.0,1706662351.0,1706662356.0,17.0,,74.0,31.0,5.0,11.0,160605089.0,4.0,9071.0,poseidon,condorpool,poseidon-worker-2-container-28-31,mrtV2,/opt/mrtV2/mrtV2,,0.0,0,0,,,,,,,,,
mrtV2_ID0000087,None,compute,0,1706662229.0,,,1706662246.0,1706662322.0,1706662334.0,24899624.3,1706662320.0,1706662351.0,1706662340.0,1706662343.0,3218.0,1706662351.0,1706662356.0,17.0,,74.0,31.0,5.0,12.0,160605089.0,3.0,10299.0,poseidon,condorpool,poseidon-worker-1-container-36-39,mrtV2,/opt/mrtV2/mrtV2,,0.0,0,0,,,,,,,,,
mrtV2_ID0000088,None,compute,0,1706662229.0,,,1706662246.0,1706662321.0,1706662332.0,27014494.0,1706662319.0,1706662351.0,1706662338.0,1706662341.0,3058.0,1706662351.0,1706662356.0,17.0,,73.0,32.0,5.0,11.0,160605089.0,3.0,9612.0,poseidon,condorpool,poseidon-worker-2-container-32-35,mrtV2,/opt/mrtV2/mrtV2,,0.0,0,0,,,,,,,,,
merged_netcdf2png_ID0000120,None,compute,0,1706662229.0,,,1706662246.0,1706662321.0,1706662332.0,31562691.2,1706662319.0,1706662351.0,1706662338.0,1706662341.0,6741.0,1706662351.0,1706662356.0,17.0,,73.0,32.0,5.0,11.0,160656166.0,3.0,21317.0,poseidon,condorpool,poseidon-worker-2-container-8-11,merged_netcdf2png,/opt/netcdf2png/merged_netcdf2png,,0.1,0,0,,,,,,,,,
mrtV2_ID0000092,None,compute,0,1706662229.0,,,1706662246.0,1706662322.0,1706662333.0,31176855.8,1706662320.0,1706662351.0,1706662339.0,1706662342.0,3135.0,1706662351.0,1706662356.0,17.0,,74.0,31.0,5.0,11.0,160605089.0,3.0,9998.0,poseidon,condorpool,poseidon-worker-1-container-4-7,mrtV2,/opt/mrtV2/mrtV2,,0.1,0,0,,,,,,,,,
mrtV2_ID0000093,None,compute,0,1706662229.0,,,1706662246.0,1706662322.0,1706662333.0,31997210.6,1706662320.0,1706662351.0,1706662338.0,1706662342.0,2779.0,1706662351.0,1706662356.0,17.0,,74.0,31.0,5.0,11.0,160605089.0,4.0,8980.0,poseidon,condorpool,poseidon-worker-1-container-28-31,mrtV2,/opt/mrtV2/mrtV2,,0.0,0,0,,,,,,,,,
mrtV2_ID0000090,None,compute,0,1706662229.0,,,1706662246.0,1706662322.0,1706662334.0,24418527.3,1706662320.0,1706662351.0,1706662339.0,1706662343.0,2553.0,1706662351.0,1706662356.0,17.0,,74.0,31.0,5.0,12.0,160605089.0,4.0,8154.0,poseidon,condorpool,poseidon-worker-1-container-16-19,mrtV2,/opt/mrtV2/mrtV2,,0.0,0,0,,,,,,,,,
mrtV2_ID0000084,None,compute,0,1706662229.0,,,1706662246.0,1706662327.0,1706662338.0,28598248.5,1706662326.0,1706662356.0,1706662343.0,1706662347.0,3227.0,1706662356.0,1706662361.0,17.0,,80.0,30.0,5.0,11.0,160605089.0,4.0,10133.0,poseidon,condorpool,poseidon-worker-2-container-28-31,mrtV2,/opt/mrtV2/mrtV2,,0.1,0,0,,,,,,,,,
mrtV2_ID0000091,None,compute,0,1706662229.0,,,1706662246.0,1706662322.0,1706662333.0,29596002.8,1706662320.0,1706662351.0,1706662338.0,1706662341.0,2759.0,1706662351.0,1706662356.0,17.0,,74.0,31.0,5.0,11.0,160605089.0,3.0,8675.0,poseidon,condorpool,poseidon-worker-2-container-40-43,mrtV2,/opt/mrtV2/mrtV2,,0.0,0,0,,,,,,,,,
mrtV2_ID0000095,None,compute,0,1706662229.0,,,1706662246.0,1706662322.0,1706662334.0,27061942.2,1706662320.0,1706662351.0,1706662339.0,1706662342.0,2366.0,1706662351.0,1706662356.0,17.0,,74.0,31.0,5.0,12.0,160605089.0,3.0,7664.0,poseidon,condorpool,poseidon-worker-2-container-4-7,mrtV2,/opt/mrtV2/mrtV2,,0.0,0,0,,,,,,,,,
merged_netcdf2png_ID0000099,None,compute,0,1706662229.0,,,1706662246.0,1706662322.0,1706662333.0,31937305.4,1706662320.0,1706662351.0,1706662338.0,1706662342.0,6759.0,1706662351.0,1706662356.0,17.0,,74.0,31.0,5.0,11.0,160656166.0,4.0,21765.0,poseidon,condorpool,poseidon-worker-1-container-0-3,merged_netcdf2png,/opt/netcdf2png/merged_netcdf2png,,0.1,0,0,,,,,,,,,
merged_netcdf2png_ID0000098,None,compute,0,1706662229.0,,,1706662246.0,1706662322.0,1706662333.0,30418330.0,1706662320.0,1706662351.0,1706662339.0,1706662342.0,6886.0,1706662351.0,1706662356.0,17.0,,74.0,31.0,5.0,11.0,160656166.0,3.0,21715.0,poseidon,condorpool,poseidon-worker-2-container-16-19,merged_netcdf2png,/opt/netcdf2png/merged_netcdf2png,,0.1,0,0,,,,,,,,,
merged_netcdf2png_ID0000097,None,compute,0,1706662229.0,,,1706662246.0,1706662323.0,1706662334.0,31553602.8,1706662320.0,1706662351.0,1706662339.0,1706662342.0,6784.0,1706662351.0,1706662356.0,17.0,,74.0,31.0,5.0,11.0,160656166.0,3.0,21729.0,poseidon,condorpool,poseidon-worker-1-container-20-23,merged_netcdf2png,/opt/netcdf2png/merged_netcdf2png,,0.1,0,0,,,,,,,,,
merged_netcdf2png_ID0000096,None,compute,0,1706662229.0,,,1706662246.0,1706662323.0,1706662334.0,27186690.0,1706662321.0,1706662351.0,1706662339.0,1706662343.0,6758.0,1706662351.0,1706662356.0,17.0,,75.0,30.0,5.0,11.0,160656166.0,4.0,21828.0,poseidon,condorpool,poseidon-worker-1-container-36-39,merged_netcdf2png,/opt/netcdf2png/merged_netcdf2png,,0.1,0,0,,,,,,,,,
merged_netcdf2png_ID0000102,None,compute,0,1706662229.0,,,1706662246.0,1706662323.0,1706662334.0,30617617.8,1706662321.0,1706662351.0,1706662340.0,1706662343.0,6813.0,1706662351.0,1706662356.0,17.0,,75.0,30.0,5.0,11.0,160656166.0,3.0,21628.0,poseidon,condorpool,poseidon-worker-1-container-4-7,merged_netcdf2png,/opt/netcdf2png/merged_netcdf2png,,0.1,0,0,,,,,,,,,
merged_netcdf2png_ID0000101,None,compute,0,1706662229.0,,,1706662246.0,1706662324.0,1706662335.0,26827352.5,1706662322.0,1706662351.0,1706662340.0,1706662343.0,6812.0,1706662351.0,1706662356.0,17.0,,76.0,29.0,5.0,11.0,160656166.0,3.0,22007.0,poseidon,condorpool,poseidon-worker-1-container-32-35,merged_netcdf2png,/opt/netcdf2png/merged_netcdf2png,,0.1,0,0,,,,,,,,,
merged_netcdf2png_ID0000100,None,compute,0,1706662229.0,,,1706662246.0,1706662325.0,1706662336.0,27357059.0,1706662323.0,1706662351.0,1706662341.0,1706662344.0,6631.0,1706662351.0,1706662356.0,17.0,,77.0,28.0,5.0,11.0,160656166.0,3.0,21600.0,poseidon,condorpool,poseidon-worker-1-container-16-19,merged_netcdf2png,/opt/netcdf2png/merged_netcdf2png,,0.1,0,0,,,,,,,,,
merged_netcdf2png_ID0000106,None,compute,0,1706662229.0,,,1706662246.0,1706662324.0,1706662335.0,32007421.8,1706662322.0,1706662351.0,1706662340.0,1706662344.0,6772.0,1706662351.0,1706662356.0,17.0,,76.0,29.0,5.0,11.0,160656166.0,4.0,21839.0,poseidon,condorpool,poseidon-worker-1-container-44-47,merged_netcdf2png,/opt/netcdf2png/merged_netcdf2png,,0.1,0,0,,,,,,,,,
merged_netcdf2png_ID0000105,None,compute,0,1706662229.0,,,1706662246.0,1706662323.0,1706662334.0,28947394.6,1706662321.0,1706662351.0,1706662340.0,1706662343.0,6687.0,1706662351.0,1706662356.0,17.0,,75.0,30.0,5.0,11.0,160656166.0,3.0,21757.0,poseidon,condorpool,poseidon-worker-2-container-0-3,merged_netcdf2png,/opt/netcdf2png/merged_netcdf2png,,0.1,0,0,,,,,,,,,
merged_netcdf2png_ID0000104,None,compute,0,1706662229.0,,,1706662246.0,1706662323.0,1706662335.0,27101869.2,1706662321.0,1706662351.0,1706662340.0,1706662343.0,6737.0,1706662351.0,1706662356.0,17.0,,75.0,30.0,5.0,12.0,160656166.0,3.0,21660.0,poseidon,condorpool,poseidon-worker-1-container-16-19,merged_netcdf2png,/opt/netcdf2png/merged_netcdf2png,,0.1,0,0,,,,,,,,,
merged_netcdf2png_ID0000103,None,compute,0,1706662229.0,,,1706662246.0,1706662324.0,1706662335.0,28196840.5,1706662322.0,1706662351.0,1706662340.0,1706662343.0,6889.0,1706662351.0,1706662356.0,17.0,,76.0,29.0,5.0,11.0,160656166.0,3.0,21935.0,poseidon,condorpool,poseidon-worker-1-container-20-23,merged_netcdf2png,/opt/netcdf2png/merged_netcdf2png,,0.1,0,0,,,,,,,,,
mrtV2_ID0000067,None,compute,0,1706662229.0,,,1706662246.0,1706662324.0,1706662335.0,29866660.8,1706662322.0,1706662351.0,1706662340.0,1706662343.0,3802.0,1706662351.0,1706662356.0,17.0,,76.0,29.0,5.0,11.0,160605089.0,3.0,12000.0,poseidon,condorpool,poseidon-worker-1-container-44-47,mrtV2,/opt/mrtV2/mrtV2,,0.0,0,0,,,,,,,,,
mrtV2_ID0000094,None,compute,0,1706662229.0,,,1706662246.0,1706662322.0,1706662334.0,25788030.8,1706662320.0,1706662351.0,1706662339.0,1706662342.0,3184.0,1706662351.0,1706662356.0,17.0,,74.0,31.0,5.0,12.0,160605089.0,3.0,10197.0,poseidon,condorpool,poseidon-worker-1-container-40-43,mrtV2,/opt/mrtV2/mrtV2,,0.0,0,0,,,,,,,,,
merged_netcdf2png_ID0000119,None,compute,0,1706662229.0,,,1706662246.0,1706662327.0,1706662338.0,27841414.0,1706662325.0,1706662356.0,1706662344.0,1706662347.0,6759.0,1706662356.0,1706662361.0,17.0,,79.0,31.0,5.0,11.0,160656166.0,3.0,21230.0,poseidon,condorpool,poseidon-worker-1-container-8-11,merged_netcdf2png,/opt/netcdf2png/merged_netcdf2png,,0.1,0,0,,,,,,,,,
merged_netcdf2png_ID0000112,None,compute,0,1706662229.0,,,1706662246.0,1706662325.0,1706662336.0,27647339.5,1706662323.0,1706662351.0,1706662341.0,1706662345.0,6666.0,1706662351.0,1706662356.0,17.0,,77.0,28.0,5.0,11.0,160656166.0,4.0,21632.0,poseidon,condorpool,poseidon-worker-2-container-40-43,merged_netcdf2png,/opt/netcdf2png/merged_netcdf2png,,0.1,0,0,,,,,,,,,
mrtV2_ID0000328,None,compute,0,1706662229.0,,,1706662240.0,1706662296.0,1706662307.0,28795171.4,1706662293.0,1706662321.0,1706662312.0,1706662315.0,3362.0,1706662322.0,1706662326.0,11.0,,53.0,28.0,4.0,11.0,160605089.0,3.0,10898.0,poseidon,condorpool,poseidon-worker-2-container-32-35,mrtV2,/opt/mrtV2/mrtV2,,0.0,0,0,,,,,,,,,
mrtV2_ID0000336,None,compute,0,1706662229.0,,,1706662240.0,1706662301.0,1706662312.0,27926683.0,1706662299.0,1706662326.0,1706662317.0,1706662320.0,3111.0,1706662327.0,1706662331.0,11.0,,59.0,27.0,4.0,11.0,160605089.0,3.0,9588.0,poseidon,condorpool,poseidon-worker-2-container-12-15,mrtV2,/opt/mrtV2/mrtV2,,0.1,0,0,,,,,,,,,
merged_netcdf2png_ID0000372,None,compute,0,1706662229.0,,,1706662240.0,1706662299.0,1706662310.0,30515443.0,1706662297.0,1706662326.0,1706662316.0,1706662319.0,6871.0,1706662327.0,1706662331.0,11.0,,57.0,29.0,4.0,11.0,160656166.0,3.0,21984.0,poseidon,condorpool,poseidon-worker-1-container-40-43,merged_netcdf2png,/opt/netcdf2png/merged_netcdf2png,,0.1,0,0,,,,,,,,,
mrtV2_ID0000333,None,compute,0,1706662229.0,,,1706662240.0,1706662299.0,1706662310.0,27596192.0,1706662297.0,1706662326.0,1706662315.0,1706662319.0,3259.0,1706662327.0,1706662331.0,11.0,,57.0,29.0,4.0,11.0,160605089.0,4.0,10414.0,poseidon,condorpool,poseidon-worker-1-container-8-11,mrtV2,/opt/mrtV2/mrtV2,,0.1,0,0,,,,,,,,,
merged_netcdf2png_ID0000371,None,compute,0,1706662229.0,,,1706662240.0,1706662306.0,1706662317.0,28582346.5,1706662304.0,1706662331.0,1706662322.0,1706662325.0,6915.0,1706662331.0,1706662336.0,11.0,,64.0,27.0,5.0,11.0,160656166.0,3.0,21896.0,poseidon,condorpool,poseidon-worker-1-container-24-27,merged_netcdf2png,/opt/netcdf2png/merged_netcdf2png,,0.1,0,0,,,,,,,,,
mrtV2_ID0000334,None,compute,0,1706662229.0,,,1706662240.0,1706662306.0,1706662317.0,27634816.0,1706662305.0,1706662336.0,1706662322.0,1706662326.0,3151.0,1706662336.0,1706662341.0,11.0,,65.0,31.0,5.0,11.0,160605089.0,4.0,10224.0,poseidon,condorpool,poseidon-worker-2-container-44-47,mrtV2,/opt/mrtV2/mrtV2,,0.1,0,0,,,,,,,,,
merged_netcdf2png_ID0000370,None,compute,0,1706662229.0,,,1706662240.0,1706662302.0,1706662313.0,31242348.4,1706662300.0,1706662331.0,1706662319.0,1706662322.0,6905.0,1706662331.0,1706662336.0,11.0,,60.0,31.0,5.0,11.0,160656166.0,3.0,22066.0,poseidon,condorpool,poseidon-worker-1-container-12-15,merged_netcdf2png,/opt/netcdf2png/merged_netcdf2png,,0.1,0,0,,,,,,,,,
merged_netcdf2png_ID0000348,None,compute,0,1706662229.0,,,1706662240.0,1706662304.0,1706662315.0,28391011.5,1706662302.0,1706662331.0,1706662320.0,1706662324.0,7127.0,1706662331.0,1706662336.0,11.0,,62.0,29.0,5.0,11.0,160656166.0,4.0,22319.0,poseidon,condorpool,poseidon-worker-1-container-24-27,merged_netcdf2png,/opt/netcdf2png/merged_netcdf2png,,0.1,0,0,,,,,,,,,
mrtV2_ID0000342,None,compute,0,1706662229.0,,,1706662240.0,1706662316.0,1706662327.0,28919914.0,1706662314.0,1706662341.0,1706662333.0,1706662336.0,3337.0,1706662341.0,1706662346.0,11.0,,74.0,27.0,5.0,11.0,160605089.0,3.0,10375.0,poseidon,condorpool,poseidon-worker-2-container-36-39,mrtV2,/opt/mrtV2/mrtV2,,0.0,0,0,,,,,,,,,
mrtV2_ID0000343,None,compute,0,1706662229.0,,,1706662240.0,1706662316.0,1706662327.0,29172463.0,1706662314.0,1706662341.0,1706662332.0,1706662335.0,2787.0,1706662341.0,1706662346.0,11.0,,74.0,27.0,5.0,11.0,160605089.0,3.0,8733.0,poseidon,condorpool,poseidon-worker-1-container-40-43,mrtV2,/opt/mrtV2/mrtV2,,0.0,0,0,,,,,,,,,
mrtV2_ID0000340,None,compute,0,1706662229.0,,,1706662240.0,1706662316.0,1706662327.0,28583718.2,1706662314.0,1706662341.0,1706662333.0,1706662336.0,3239.0,1706662341.0,1706662346.0,11.0,,74.0,27.0,5.0,11.0,160605089.0,3.0,10123.0,poseidon,condorpool,poseidon-worker-2-container-20-23,mrtV2,/opt/mrtV2/mrtV2,,0.0,0,0,,,,,,,,,
mrtV2_ID0000341,None,compute,0,1706662229.0,,,1706662241.0,1706662316.0,1706662327.0,26316793.8,1706662314.0,1706662341.0,1706662333.0,1706662336.0,3215.0,1706662341.0,1706662346.0,12.0,,73.0,27.0,5.0,11.0,160605089.0,3.0,10181.0,poseidon,condorpool,poseidon-worker-2-container-40-43,mrtV2,/opt/mrtV2/mrtV2,,0.0,0,0,,,,,,,,,
mrtV2_ID0000346,None,compute,0,1706662229.0,,,1706662241.0,1706662316.0,1706662327.0,31818226.4,1706662314.0,1706662341.0,1706662333.0,1706662336.0,3095.0,1706662341.0,1706662346.0,12.0,,73.0,27.0,5.0,11.0,160605089.0,3.0,9741.0,poseidon,condorpool,poseidon-worker-2-container-24-27,mrtV2,/opt/mrtV2/mrtV2,,0.0,0,0,,,,,,,,,
mrtV2_ID0000347,None,compute,0,1706662229.0,,,1706662241.0,1706662316.0,1706662327.0,29159166.0,1706662314.0,1706662341.0,1706662333.0,1706662336.0,2748.0,1706662341.0,1706662346.0,12.0,,73.0,27.0,5.0,11.0,160605089.0,3.0,8629.0,poseidon,condorpool,poseidon-worker-1-container-0-3,mrtV2,/opt/mrtV2/mrtV2,,0.1,0,0,,,,,,,,,
mrtV2_ID0000335,None,compute,0,1706662229.0,,,1706662240.0,1706662299.0,1706662310.0,27162812.5,1706662297.0,1706662326.0,1706662315.0,1706662318.0,3238.0,1706662327.0,1706662331.0,11.0,,57.0,29.0,4.0,11.0,160605089.0,3.0,10411.0,poseidon,condorpool,poseidon-worker-2-container-0-3,mrtV2,/opt/mrtV2/mrtV2,,0.0,0,0,,,,,,,,,
mrtV2_ID0000344,None,compute,0,1706662229.0,,,1706662241.0,1706662317.0,1706662328.0,25429166.0,1706662315.0,1706662346.0,1706662334.0,1706662337.0,3101.0,1706662346.0,1706662351.0,12.0,,74.0,31.0,5.0,11.0,160605089.0,3.0,9651.0,poseidon,condorpool,poseidon-worker-1-container-44-47,mrtV2,/opt/mrtV2/mrtV2,,0.0,0,0,,,,,,,,,
merged_netcdf2png_ID0000349,None,compute,0,1706662229.0,,,1706662241.0,1706662318.0,1706662330.0,24988266.2,1706662316.0,1706662346.0,1706662335.0,1706662338.0,7111.0,1706662346.0,1706662351.0,12.0,,75.0,30.0,5.0,12.0,160656166.0,3.0,22303.0,poseidon,condorpool,poseidon-worker-1-container-44-47,merged_netcdf2png,/opt/netcdf2png/merged_netcdf2png,,0.1,0,0,,,,,,,,,
merged_netcdf2png_ID0000118,None,compute,0,1706662229.0,,,1706662246.0,1706662327.0,1706662338.0,29293343.8,1706662325.0,1706662356.0,1706662344.0,1706662347.0,6841.0,1706662356.0,1706662361.0,17.0,,79.0,31.0,5.0,11.0,160656166.0,3.0,21605.0,poseidon,condorpool,poseidon-worker-1-container-40-43,merged_netcdf2png,/opt/netcdf2png/merged_netcdf2png,,0.1,0,0,,,,,,,,,
merged_netcdf2png_ID0000355,None,compute,0,1706662229.0,,,1706662241.0,1706662318.0,1706662329.0,30970228.4,1706662316.0,1706662346.0,1706662334.0,1706662337.0,6960.0,1706662346.0,1706662351.0,12.0,,75.0,30.0,5.0,11.0,160656166.0,3.0,21992.0,poseidon,condorpool,poseidon-worker-1-container-32-35,merged_netcdf2png,/opt/netcdf2png/merged_netcdf2png,,0.1,0,0,,,,,,,,,
merged_netcdf2png_ID0000354,None,compute,0,1706662229.0,,,1706662246.0,1706662318.0,1706662329.0,31620762.6,1706662316.0,1706662346.0,1706662335.0,1706662338.0,7143.0,1706662346.0,1706662351.0,17.0,,70.0,30.0,5.0,11.0,160656166.0,3.0,22340.0,poseidon,condorpool,poseidon-worker-1-container-0-3,merged_netcdf2png,/opt/netcdf2png/merged_netcdf2png,,0.1,0,0,,,,,,,,,
mrtV2_ID0000318,None,compute,0,1706662229.0,,,1706662246.0,1706662318.0,1706662329.0,31974738.8,1706662316.0,1706662346.0,1706662334.0,1706662337.0,3520.0,1706662346.0,1706662351.0,17.0,,70.0,30.0,5.0,11.0,160605089.0,3.0,11018.0,poseidon,condorpool,poseidon-worker-1-container-8-11,mrtV2,/opt/mrtV2/mrtV2,,0.1,0,0,,,,,,,,,
merged_netcdf2png_ID0000353,None,compute,0,1706662229.0,,,1706662246.0,1706662318.0,1706662330.0,27965662.8,1706662316.0,1706662346.0,1706662335.0,1706662338.0,6991.0,1706662346.0,1706662351.0,17.0,,70.0,30.0,5.0,12.0,160656166.0,3.0,22120.0,poseidon,condorpool,poseidon-worker-2-container-28-31,merged_netcdf2png,/opt/netcdf2png/merged_netcdf2png,,0.1,0,0,,,,,,,,,
merged_netcdf2png_ID0000352,None,compute,0,1706662229.0,,,1706662246.0,1706662319.0,1706662330.0,26952085.0,1706662317.0,1706662346.0,1706662335.0,1706662338.0,6929.0,1706662346.0,1706662351.0,17.0,,71.0,29.0,5.0,11.0,160656166.0,3.0,22152.0,poseidon,condorpool,poseidon-worker-2-container-24-27,merged_netcdf2png,/opt/netcdf2png/merged_netcdf2png,,0.1,0,0,,,,,,,,,
merged_netcdf2png_ID0000359,None,compute,0,1706662229.0,,,1706662246.0,1706662320.0,1706662331.0,31730039.8,1706662317.0,1706662346.0,1706662336.0,1706662339.0,7007.0,1706662346.0,1706662351.0,17.0,,71.0,29.0,5.0,11.0,160656166.0,3.0,22042.0,poseidon,condorpool,poseidon-worker-2-container-32-35,merged_netcdf2png,/opt/netcdf2png/merged_netcdf2png,,0.1,0,0,,,,,,,,,
merged_netcdf2png_ID0000358,None,compute,0,1706662229.0,,,1706662246.0,1706662320.0,1706662331.0,31445819.2,1706662318.0,1706662346.0,1706662336.0,1706662339.0,7083.0,1706662346.0,1706662351.0,17.0,,72.0,28.0,5.0,11.0,160656166.0,3.0,22198.0,poseidon,condorpool,poseidon-worker-2-container-20-23,merged_netcdf2png,/opt/netcdf2png/merged_netcdf2png,,0.1,0,0,,,,,,,,,
mrtV2_ID0000319,None,compute,0,1706662229.0,,,1706662246.0,1706662320.0,1706662331.0,25274948.6,1706662318.0,1706662346.0,1706662337.0,1706662340.0,3180.0,1706662346.0,1706662351.0,17.0,,72.0,28.0,5.0,11.0,160605089.0,3.0,9880.0,poseidon,condorpool,poseidon-worker-2-container-16-19,mrtV2,/opt/mrtV2/mrtV2,,0.0,0,0,,,,,,,,,
merged_netcdf2png_ID0000357,None,compute,0,1706662229.0,,,1706662246.0,1706662320.0,1706662331.0,31537642.2,1706662318.0,1706662346.0,1706662337.0,1706662340.0,7150.0,1706662346.0,1706662351.0,17.0,,72.0,28.0,5.0,11.0,160656166.0,3.0,22330.0,poseidon,condorpool,poseidon-worker-2-container-32-35,merged_netcdf2png,/opt/netcdf2png/merged_netcdf2png,,0.1,0,0,,,,,,,,,
merged_netcdf2png_ID0000356,None,compute,0,1706662229.0,,,1706662246.0,1706662320.0,1706662332.0,25014107.0,1706662318.0,1706662346.0,1706662337.0,1706662340.0,7093.0,1706662346.0,1706662351.0,17.0,,72.0,28.0,5.0,12.0,160656166.0,3.0,22203.0,poseidon,condorpool,poseidon-worker-2-container-4-7,merged_netcdf2png,/opt/netcdf2png/merged_netcdf2png,,0.1,0,0,,,,,,,,,
merged_netcdf2png_ID0000351,None,compute,0,1706662229.0,,,1706662246.0,1706662320.0,1706662334.0,19015360.5,1706662318.0,1706662351.0,1706662340.0,1706662343.0,7022.0,1706662351.0,1706662356.0,17.0,,72.0,33.0,5.0,14.0,160656166.0,3.0,22257.0,poseidon,condorpool,poseidon-worker-2-container-8-11,merged_netcdf2png,/opt/netcdf2png/merged_netcdf2png,,0.1,0,0,,,,,,,,,
mrtV2_ID0000345,None,compute,0,1706662229.0,,,1706662241.0,1706662317.0,1706662328.0,31300353.2,1706662315.0,1706662346.0,1706662333.0,1706662336.0,2750.0,1706662346.0,1706662351.0,12.0,,74.0,31.0,5.0,11.0,160605089.0,3.0,8635.0,poseidon,condorpool,poseidon-worker-1-container-20-23,mrtV2,/opt/mrtV2/mrtV2,,0.0,0,0,,,,,,,,,
merged_netcdf2png_ID0000373,None,compute,0,1706662229.0,,,1706662240.0,1706662298.0,1706662309.0,31946202.8,1706662296.0,1706662326.0,1706662314.0,1706662318.0,6856.0,1706662327.0,1706662331.0,11.0,,56.0,30.0,4.0,11.0,160656166.0,4.0,22091.0,poseidon,condorpool,poseidon-worker-2-container-16-19,merged_netcdf2png,/opt/netcdf2png/merged_netcdf2png,,0.1,0,0,,,,,,,,,
mrtV2_ID0000317,None,compute,0,1706662229.0,,,1706662241.0,1706662317.0,1706662329.0,27284568.0,1706662316.0,1706662346.0,1706662334.0,1706662337.0,3505.0,1706662346.0,1706662351.0,12.0,,75.0,30.0,5.0,12.0,160605089.0,3.0,10987.0,poseidon,condorpool,poseidon-worker-1-container-28-31,mrtV2,/opt/mrtV2/mrtV2,,0.1,0,0,,,,,,,,,
mrtV2_ID0000332,None,compute,0,1706662229.0,,,1706662240.0,1706662304.0,1706662315.0,28848344.0,1706662302.0,1706662331.0,1706662320.0,1706662323.0,3355.0,1706662331.0,1706662336.0,11.0,,62.0,29.0,5.0,11.0,160605089.0,3.0,10352.0,poseidon,condorpool,poseidon-worker-2-container-24-27,mrtV2,/opt/mrtV2/mrtV2,,0.1,0,0,,,,,,,,,
mrtV2_ID0000330,None,compute,0,1706662229.0,,,1706662240.0,1706662298.0,1706662309.0,28530523.5,1706662296.0,1706662326.0,1706662314.0,1706662318.0,3287.0,1706662326.0,1706662331.0,11.0,,56.0,30.0,5.0,11.0,160605089.0,4.0,10599.0,poseidon,condorpool,poseidon-worker-2-container-4-7,mrtV2,/opt/mrtV2/mrtV2,,0.1,0,0,,,,,,,,,
merged_netcdf2png_ID0000366,None,compute,0,1706662229.0,,,1706662240.0,1706662296.0,1706662307.0,28881565.0,1706662293.0,1706662321.0,1706662312.0,1706662316.0,6880.0,1706662322.0,1706662326.0,11.0,,53.0,28.0,4.0,11.0,160656166.0,4.0,22208.0,poseidon,condorpool,poseidon-worker-2-container-24-27,merged_netcdf2png,/opt/netcdf2png/merged_netcdf2png,,0.1,0,0,,,,,,,,,
merged_netcdf2png_ID0000365,None,compute,0,1706662229.0,,,1706662240.0,1706662296.0,1706662307.0,27909226.0,1706662293.0,1706662321.0,1706662312.0,1706662315.0,6902.0,1706662322.0,1706662326.0,11.0,,53.0,28.0,4.0,11.0,160656166.0,3.0,22048.0,poseidon,condorpool,poseidon-worker-1-container-44-47,merged_netcdf2png,/opt/netcdf2png/merged_netcdf2png,,0.1,0,0,,,,,,,,,
mrtV2_ID0000329,None,compute,0,1706662229.0,,,1706662240.0,1706662297.0,1706662308.0,28435505.0,1706662295.0,1706662326.0,1706662313.0,1706662316.0,3375.0,1706662326.0,1706662331.0,11.0,,55.0,31.0,5.0,11.0,160605089.0,3.0,11142.0,poseidon,condorpool,poseidon-worker-1-container-12-15,mrtV2,/opt/mrtV2/mrtV2,,0.0,0,0,,,,,,,,,
merged_netcdf2png_ID0000364,None,compute,0,1706662229.0,,,1706662240.0,1706662296.0,1706662308.0,22245904.7,1706662293.0,1706662326.0,1706662314.0,1706662317.0,6812.0,1706662326.0,1706662331.0,11.0,,53.0,33.0,5.0,12.0,160656166.0,3.0,21882.0,poseidon,condorpool,poseidon-worker-1-container-40-43,merged_netcdf2png,/opt/netcdf2png/merged_netcdf2png,,0.1,0,0,,,,,,,,,
mrtV2_ID0000326,None,compute,0,1706662229.0,,,1706662240.0,1706662296.0,1706662308.0,26711304.0,1706662294.0,1706662326.0,1706662313.0,1706662316.0,3324.0,1706662326.0,1706662331.0,11.0,,54.0,32.0,5.0,12.0,160605089.0,3.0,10708.0,poseidon,condorpool,poseidon-worker-1-container-8-11,mrtV2,/opt/mrtV2/mrtV2,,0.1,0,0,,,,,,,,,
merged_netcdf2png_ID0000363,None,compute,0,1706662229.0,,,1706662240.0,1706662296.0,1706662307.0,26563748.2,1706662294.0,1706662326.0,1706662313.0,1706662316.0,6906.0,1706662326.0,1706662331.0,11.0,,54.0,32.0,5.0,11.0,160656166.0,3.0,22076.0,poseidon,condorpool,poseidon-worker-2-container-8-11,merged_netcdf2png,/opt/netcdf2png/merged_netcdf2png,,0.1,0,0,,,,,,,,,
mrtV2_ID0000327,None,compute,0,1706662229.0,,,1706662240.0,1706662296.0,1706662308.0,26535813.3,1706662294.0,1706662326.0,1706662313.0,1706662317.0,3332.0,1706662326.0,1706662331.0,11.0,,54.0,32.0,5.0,12.0,160605089.0,4.0,10555.0,poseidon,condorpool,poseidon-worker-2-container-40-43,mrtV2,/opt/mrtV2/mrtV2,,0.1,0,0,,,,,,,,,
merged_netcdf2png_ID0000369,None,compute,0,1706662229.0,,,1706662240.0,1706662297.0,1706662308.0,27610618.0,1706662295.0,1706662326.0,1706662313.0,1706662317.0,6893.0,1706662326.0,1706662331.0,11.0,,55.0,31.0,5.0,11.0,160656166.0,4.0,22308.0,poseidon,condorpool,poseidon-worker-1-container-0-3,merged_netcdf2png,/opt/netcdf2png/merged_netcdf2png,,0.1,0,0,,,,,,,,,
merged_netcdf2png_ID0000367,None,compute,0,1706662229.0,,,1706662240.0,1706662297.0,1706662308.0,31529267.2,1706662294.0,1706662326.0,1706662313.0,1706662316.0,6812.0,1706662326.0,1706662331.0,11.0,,54.0,32.0,5.0,11.0,160656166.0,3.0,22296.0,poseidon,condorpool,poseidon-worker-2-container-20-23,merged_netcdf2png,/opt/netcdf2png/merged_netcdf2png,,0.1,0,0,,,,,,,,,
mrtV2_ID0000320,None,compute,0,1706662229.0,,,1706662240.0,1706662299.0,1706662310.0,28935973.0,1706662297.0,1706662326.0,1706662316.0,1706662319.0,3386.0,1706662327.0,1706662331.0,11.0,,57.0,29.0,4.0,11.0,160605089.0,3.0,10997.0,poseidon,condorpool,poseidon-worker-1-container-24-27,mrtV2,/opt/mrtV2/mrtV2,,0.1,0,0,,,,,,,,,
mrtV2_ID0000321,None,compute,0,1706662229.0,,,1706662240.0,1706662296.0,1706662309.0,23332835.0,1706662294.0,1706662326.0,1706662314.0,1706662317.0,3114.0,1706662326.0,1706662331.0,11.0,,54.0,32.0,5.0,13.0,160605089.0,3.0,9882.0,poseidon,condorpool,poseidon-worker-1-container-28-31,mrtV2,/opt/mrtV2/mrtV2,,0.0,0,0,,,,,,,,,
merged_netcdf2png_ID0000362,None,compute,0,1706662229.0,,,1706662240.0,1706662297.0,1706662307.0,27153069.0,1706662294.0,1706662326.0,1706662313.0,1706662316.0,6748.0,1706662326.0,1706662331.0,11.0,,54.0,32.0,5.0,10.0,160656166.0,3.0,22177.0,poseidon,condorpool,poseidon-worker-2-container-20-23,merged_netcdf2png,/opt/netcdf2png/merged_netcdf2png,,0.1,0,0,,,,,,,,,
mrtV2_ID0000324,None,compute,0,1706662229.0,,,1706662240.0,1706662297.0,1706662313.0,14837902.8,1706662294.0,1706662331.0,1706662319.0,1706662322.0,3442.0,1706662331.0,1706662336.0,11.0,,54.0,37.0,5.0,16.0,160605089.0,3.0,10901.0,poseidon,condorpool,poseidon-worker-2-container-0-3,mrtV2,/opt/mrtV2/mrtV2,,0.1,0,0,,,,,,,,,
merged_netcdf2png_ID0000368,None,compute,0,1706662229.0,,,1706662240.0,1706662296.0,1706662307.0,28163869.0,1706662294.0,1706662321.0,1706662313.0,1706662316.0,6815.0,1706662322.0,1706662326.0,11.0,,54.0,27.0,4.0,11.0,160656166.0,3.0,22217.0,poseidon,condorpool,poseidon-worker-1-container-8-11,merged_netcdf2png,/opt/netcdf2png/merged_netcdf2png,,0.1,0,0,,,,,,,,,
merged_netcdf2png_ID0000378,None,compute,0,1706662229.0,,,1706662240.0,1706662298.0,1706662309.0,29808036.6,1706662296.0,1706662326.0,1706662314.0,1706662318.0,6665.0,1706662326.0,1706662331.0,11.0,,56.0,30.0,5.0,11.0,160656166.0,4.0,21519.0,poseidon,condorpool,poseidon-worker-2-container-0-3,merged_netcdf2png,/opt/netcdf2png/merged_netcdf2png,,0.1,0,0,,,,,,,,,
merged_netcdf2png_ID0000361,None,compute,0,1706662229.0,,,1706662240.0,1706662296.0,1706662308.0,25555610.3,1706662294.0,1706662326.0,1706662314.0,1706662317.0,6818.0,1706662326.0,1706662331.0,11.0,,54.0,32.0,5.0,12.0,160656166.0,3.0,21974.0,poseidon,condorpool,poseidon-worker-2-container-16-19,merged_netcdf2png,/opt/netcdf2png/merged_netcdf2png,,0.1,0,0,,,,,,,,,
merged_netcdf2png_ID0000374,None,compute,0,1706662229.0,,,1706662240.0,1706662300.0,1706662311.0,28532153.5,1706662298.0,1706662326.0,1706662317.0,1706662320.0,7048.0,1706662327.0,1706662331.0,11.0,,58.0,28.0,4.0,11.0,160656166.0,3.0,21998.0,poseidon,condorpool,poseidon-worker-2-container-44-47,merged_netcdf2png,/opt/netcdf2png/merged_netcdf2png,,0.1,0,0,,,,,,,,,
mrtV2_ID0000338,None,compute,0,1706662229.0,,,1706662240.0,1706662298.0,1706662309.0,31029872.0,1706662296.0,1706662326.0,1706662314.0,1706662317.0,2893.0,1706662326.0,1706662331.0,11.0,,56.0,30.0,5.0,11.0,160605089.0,3.0,9200.0,poseidon,condorpool,poseidon-worker-1-container-32-35,mrtV2,/opt/mrtV2/mrtV2,,0.1,0,0,,,,,,,,,
mrtV2_ID0000337,None,compute,0,1706662229.0,,,1706662240.0,1706662299.0,1706662310.0,27021456.0,1706662297.0,1706662326.0,1706662315.0,1706662318.0,3212.0,1706662327.0,1706662331.0,11.0,,57.0,29.0,4.0,11.0,160605089.0,3.0,10515.0,poseidon,condorpool,poseidon-worker-1-container-28-31,mrtV2,/opt/mrtV2/mrtV2,,0.0,0,0,,,,,,,,,
merged_netcdf2png_ID0000376,None,compute,0,1706662229.0,,,1706662240.0,1706662299.0,1706662310.0,29759921.0,1706662296.0,1706662326.0,1706662315.0,1706662319.0,6598.0,1706662327.0,1706662331.0,11.0,,56.0,30.0,4.0,11.0,160656166.0,4.0,21482.0,poseidon,condorpool,poseidon-worker-1-container-12-15,merged_netcdf2png,/opt/netcdf2png/merged_netcdf2png,,0.1,0,0,,,,,,,,,
merged_netcdf2png_ID0000375,None,compute,0,1706662229.0,,,1706662240.0,1706662299.0,1706662310.0,28350177.4,1706662297.0,1706662326.0,1706662315.0,1706662319.0,6661.0,1706662327.0,1706662331.0,11.0,,57.0,29.0,4.0,11.0,160656166.0,4.0,21837.0,poseidon,condorpool,poseidon-worker-1-container-24-27,merged_netcdf2png,/opt/netcdf2png/merged_netcdf2png,,0.1,0,0,,,,,,,,,
mrtV2_ID0000339,None,compute,0,1706662229.0,,,1706662240.0,1706662297.0,1706662313.0,16373942.1,1706662295.0,1706662331.0,1706662318.0,1706662321.0,3313.0,1706662331.0,1706662336.0,11.0,,55.0,36.0,5.0,16.0,160605089.0,3.0,10662.0,poseidon,condorpool,poseidon-worker-2-container-12-15,mrtV2,/opt/mrtV2/mrtV2,,0.1,0,0,,,,,,,,,
mrtV2_ID0000323,None,compute,0,1706662229.0,,,1706662240.0,1706662298.0,1706662308.0,28035568.5,1706662296.0,1706662326.0,1706662314.0,1706662317.0,2857.0,1706662326.0,1706662331.0,11.0,,56.0,30.0,5.0,10.0,160605089.0,3.0,9215.0,poseidon,condorpool,poseidon-worker-2-container-12-15,mrtV2,/opt/mrtV2/mrtV2,,0.1,0,0,,,,,,,,,
merged_netcdf2png_ID0000360,None,compute,0,1706662229.0,,,1706662240.0,1706662302.0,1706662312.0,28560909.0,1706662300.0,1706662326.0,1706662318.0,1706662321.0,6948.0,1706662327.0,1706662331.0,11.0,,60.0,26.0,4.0,10.0,160656166.0,3.0,22313.0,poseidon,condorpool,poseidon-worker-2-container-44-47,merged_netcdf2png,/opt/netcdf2png/merged_netcdf2png,,0.1,0,0,,,,,,,,,
mrtV2_ID0000322,None,compute,0,1706662229.0,,,1706662240.0,1706662302.0,1706662313.0,27969974.0,1706662301.0,1706662331.0,1706662318.0,1706662322.0,3704.0,1706662331.0,1706662336.0,11.0,,61.0,30.0,5.0,11.0,160605089.0,4.0,11964.0,poseidon,condorpool,poseidon-worker-1-container-12-15,mrtV2,/opt/mrtV2/mrtV2,,0.0,0,0,,,,,,,,,
merged_netcdf2png_ID0000377,None,compute,0,1706662229.0,,,1706662240.0,1706662298.0,1706662309.0,28244783.0,1706662296.0,1706662326.0,1706662314.0,1706662318.0,6744.0,1706662327.0,1706662331.0,11.0,,56.0,30.0,4.0,11.0,160656166.0,4.0,21814.0,poseidon,condorpool,poseidon-worker-2-container-44-47,merged_netcdf2png,/opt/netcdf2png/merged_netcdf2png,,0.1,0,0,,,,,,,,,
mrtV2_ID0000331,None,compute,0,1706662229.0,,,1706662240.0,1706662298.0,1706662309.0,27321683.5,1706662296.0,1706662326.0,1706662314.0,1706662318.0,3399.0,1706662326.0,1706662331.0,11.0,,56.0,30.0,5.0,11.0,160605089.0,4.0,10702.0,poseidon,condorpool,poseidon-worker-1-container-4-7,mrtV2,/opt/mrtV2/mrtV2,,0.1,0,0,,,,,,,,,
stage_out_local_condorpool_1_13,None,transfer,0,1706662356.0,,,1706662361.0,,,0.0,1706662361.0,1706662371.0,,,0.0,1706662371.0,1706662376.0,5.0,,0.0,10.0,5.0,,,,,poseidon,local,poseidon-submit,pegasus::transfer,/mnt/poseidon-data/poseidon/pegasus-5.1.0panorama/bin/pegasus-transfer,/home/poseidon/pegasus-5.1.0panorama/bin/../bin/pegasus-kickstart  -n pegasus::transfer -N null -i - -R local  -L casa-nowcast-small -T 2024-01-31T00:08:22+00:00 /home/poseidon/pegasus-5.1.0panorama/bin/../bin/pegasus-transfer  --threads 2,1.1,0,0,,,,,,,,,
stage_out_local_condorpool_1_36,None,transfer,0,1706662356.0,,,1706662376.0,,,0.0,1706662376.0,1706662381.0,,,0.0,1706662381.0,1706662386.0,20.0,,0.0,5.0,5.0,,,,,poseidon,local,poseidon-submit,pegasus::transfer,/mnt/poseidon-data/poseidon/pegasus-5.1.0panorama/bin/pegasus-transfer,/home/poseidon/pegasus-5.1.0panorama/bin/../bin/pegasus-kickstart  -n pegasus::transfer -N null -i - -R local  -L casa-nowcast-small -T 2024-01-31T00:08:22+00:00 /home/poseidon/pegasus-5.1.0panorama/bin/../bin/pegasus-transfer  --threads 2,1.0,0,0,,,,,,,,,
stage_out_local_condorpool_1_10,None,transfer,0,1706662356.0,,,1706662361.0,,,0.0,1706662361.0,1706662371.0,,,0.0,1706662371.0,1706662376.0,5.0,,0.0,10.0,5.0,,,,,poseidon,local,poseidon-submit,pegasus::transfer,/mnt/poseidon-data/poseidon/pegasus-5.1.0panorama/bin/pegasus-transfer,/home/poseidon/pegasus-5.1.0panorama/bin/../bin/pegasus-kickstart  -n pegasus::transfer -N null -i - -R local  -L casa-nowcast-small -T 2024-01-31T00:08:22+00:00 /home/poseidon/pegasus-5.1.0panorama/bin/../bin/pegasus-transfer  --threads 2,1.1,0,0,,,,,,,,,
stage_out_local_condorpool_1_11,None,transfer,0,1706662356.0,,,1706662361.0,,,0.0,1706662361.0,1706662371.0,,,0.0,1706662371.0,1706662376.0,5.0,,0.0,10.0,5.0,,,,,poseidon,local,poseidon-submit,pegasus::transfer,/mnt/poseidon-data/poseidon/pegasus-5.1.0panorama/bin/pegasus-transfer,/home/poseidon/pegasus-5.1.0panorama/bin/../bin/pegasus-kickstart  -n pegasus::transfer -N null -i - -R local  -L casa-nowcast-small -T 2024-01-31T00:08:22+00:00 /home/poseidon/pegasus-5.1.0panorama/bin/../bin/pegasus-transfer  --threads 2,1.1,0,0,,,,,,,,,
stage_out_local_condorpool_1_12,None,transfer,0,1706662356.0,,,1706662361.0,,,0.0,1706662361.0,1706662371.0,,,0.0,1706662371.0,1706662376.0,5.0,,0.0,10.0,5.0,,,,,poseidon,local,poseidon-submit,pegasus::transfer,/mnt/poseidon-data/poseidon/pegasus-5.1.0panorama/bin/pegasus-transfer,/home/poseidon/pegasus-5.1.0panorama/bin/../bin/pegasus-kickstart  -n pegasus::transfer -N null -i - -R local  -L casa-nowcast-small -T 2024-01-31T00:08:22+00:00 /home/poseidon/pegasus-5.1.0panorama/bin/../bin/pegasus-transfer  --threads 2,1.0,0,0,,,,,,,,,
stage_out_local_condorpool_1_18,None,transfer,0,1706662356.0,,,1706662361.0,,,0.0,1706662361.0,1706662371.0,,,0.0,1706662371.0,1706662376.0,5.0,,0.0,10.0,5.0,,,,,poseidon,local,poseidon-submit,pegasus::transfer,/mnt/poseidon-data/poseidon/pegasus-5.1.0panorama/bin/pegasus-transfer,/home/poseidon/pegasus-5.1.0panorama/bin/../bin/pegasus-kickstart  -n pegasus::transfer -N null -i - -R local  -L casa-nowcast-small -T 2024-01-31T00:08:22+00:00 /home/poseidon/pegasus-5.1.0panorama/bin/../bin/pegasus-transfer  --threads 2,1.1,0,0,,,,,,,,,
stage_out_local_condorpool_1_15,None,transfer,0,1706662356.0,,,1706662361.0,,,0.0,1706662361.0,1706662371.0,,,0.0,1706662371.0,1706662376.0,5.0,,0.0,10.0,5.0,,,,,poseidon,local,poseidon-submit,pegasus::transfer,/mnt/poseidon-data/poseidon/pegasus-5.1.0panorama/bin/pegasus-transfer,/home/poseidon/pegasus-5.1.0panorama/bin/../bin/pegasus-kickstart  -n pegasus::transfer -N null -i - -R local  -L casa-nowcast-small -T 2024-01-31T00:08:22+00:00 /home/poseidon/pegasus-5.1.0panorama/bin/../bin/pegasus-transfer  --threads 2,1.1,0,0,,,,,,,,,
stage_out_local_condorpool_1_16,None,transfer,0,1706662356.0,,,1706662361.0,,,0.0,1706662361.0,1706662371.0,,,0.0,1706662371.0,1706662376.0,5.0,,0.0,10.0,5.0,,,,,poseidon,local,poseidon-submit,pegasus::transfer,/mnt/poseidon-data/poseidon/pegasus-5.1.0panorama/bin/pegasus-transfer,/home/poseidon/pegasus-5.1.0panorama/bin/../bin/pegasus-kickstart  -n pegasus::transfer -N null -i - -R local  -L casa-nowcast-small -T 2024-01-31T00:08:22+00:00 /home/poseidon/pegasus-5.1.0panorama/bin/../bin/pegasus-transfer  --threads 2,1.1,0,0,,,,,,,,,
stage_out_local_condorpool_1_17,None,transfer,0,1706662356.0,,,1706662361.0,,,0.0,1706662361.0,1706662371.0,,,0.0,1706662371.0,1706662376.0,5.0,,0.0,10.0,5.0,,,,,poseidon,local,poseidon-submit,pegasus::transfer,/mnt/poseidon-data/poseidon/pegasus-5.1.0panorama/bin/pegasus-transfer,/home/poseidon/pegasus-5.1.0panorama/bin/../bin/pegasus-kickstart  -n pegasus::transfer -N null -i - -R local  -L casa-nowcast-small -T 2024-01-31T00:08:22+00:00 /home/poseidon/pegasus-5.1.0panorama/bin/../bin/pegasus-transfer  --threads 2,1.1,0,0,,,,,,,,,
stage_out_local_condorpool_1_35,None,transfer,0,1706662356.0,,,1706662376.0,,,0.0,1706662376.0,1706662381.0,,,0.0,1706662381.0,1706662386.0,20.0,,0.0,5.0,5.0,,,,,poseidon,local,poseidon-submit,pegasus::transfer,/mnt/poseidon-data/poseidon/pegasus-5.1.0panorama/bin/pegasus-transfer,/home/poseidon/pegasus-5.1.0panorama/bin/../bin/pegasus-kickstart  -n pegasus::transfer -N null -i - -R local  -L casa-nowcast-small -T 2024-01-31T00:08:22+00:00 /home/poseidon/pegasus-5.1.0panorama/bin/../bin/pegasus-transfer  --threads 2,1.0,0,0,,,,,,,,,
stage_out_local_condorpool_1_14,None,transfer,0,1706662356.0,,,1706662376.0,,,0.0,1706662376.0,1706662381.0,,,0.0,1706662381.0,1706662386.0,20.0,,0.0,5.0,5.0,,,,,poseidon,local,poseidon-submit,pegasus::transfer,/mnt/poseidon-data/poseidon/pegasus-5.1.0panorama/bin/pegasus-transfer,/home/poseidon/pegasus-5.1.0panorama/bin/../bin/pegasus-kickstart  -n pegasus::transfer -N null -i - -R local  -L casa-nowcast-small -T 2024-01-31T00:08:22+00:00 /home/poseidon/pegasus-5.1.0panorama/bin/../bin/pegasus-transfer  --threads 2,1.1,0,0,,,,,,,,,
stage_out_local_condorpool_1_33,None,transfer,0,1706662356.0,,,1706662376.0,,,0.0,1706662376.0,1706662381.0,,,0.0,1706662381.0,1706662386.0,20.0,,0.0,5.0,5.0,,,,,poseidon,local,poseidon-submit,pegasus::transfer,/mnt/poseidon-data/poseidon/pegasus-5.1.0panorama/bin/pegasus-transfer,/home/poseidon/pegasus-5.1.0panorama/bin/../bin/pegasus-kickstart  -n pegasus::transfer -N null -i - -R local  -L casa-nowcast-small -T 2024-01-31T00:08:22+00:00 /home/poseidon/pegasus-5.1.0panorama/bin/../bin/pegasus-transfer  --threads 2,1.0,0,0,,,,,,,,,
stage_out_local_condorpool_1_24,None,transfer,0,1706662356.0,,,1706662386.0,,,0.0,1706662386.0,1706662391.0,,,0.0,1706662391.0,1706662397.0,30.0,,0.0,5.0,6.0,,,,,poseidon,local,poseidon-submit,pegasus::transfer,/mnt/poseidon-data/poseidon/pegasus-5.1.0panorama/bin/pegasus-transfer,/home/poseidon/pegasus-5.1.0panorama/bin/../bin/pegasus-kickstart  -n pegasus::transfer -N null -i - -R local  -L casa-nowcast-small -T 2024-01-31T00:08:22+00:00 /home/poseidon/pegasus-5.1.0panorama/bin/../bin/pegasus-transfer  --threads 2,1.2,0,0,,,,,,,,,
stage_out_local_condorpool_1_31,None,transfer,0,1706662356.0,,,1706662376.0,,,0.0,1706662376.0,1706662381.0,,,0.0,1706662381.0,1706662386.0,20.0,,0.0,5.0,5.0,,,,,poseidon,local,poseidon-submit,pegasus::transfer,/mnt/poseidon-data/poseidon/pegasus-5.1.0panorama/bin/pegasus-transfer,/home/poseidon/pegasus-5.1.0panorama/bin/../bin/pegasus-kickstart  -n pegasus::transfer -N null -i - -R local  -L casa-nowcast-small -T 2024-01-31T00:08:22+00:00 /home/poseidon/pegasus-5.1.0panorama/bin/../bin/pegasus-transfer  --threads 2,1.0,0,0,,,,,,,,,
stage_out_local_condorpool_1_19,None,transfer,0,1706662356.0,,,1706662361.0,,,0.0,1706662361.0,1706662371.0,,,0.0,1706662371.0,1706662376.0,5.0,,0.0,10.0,5.0,,,,,poseidon,local,poseidon-submit,pegasus::transfer,/mnt/poseidon-data/poseidon/pegasus-5.1.0panorama/bin/pegasus-transfer,/home/poseidon/pegasus-5.1.0panorama/bin/../bin/pegasus-kickstart  -n pegasus::transfer -N null -i - -R local  -L casa-nowcast-small -T 2024-01-31T00:08:22+00:00 /home/poseidon/pegasus-5.1.0panorama/bin/../bin/pegasus-transfer  --threads 2,1.0,0,0,,,,,,,,,
stage_out_local_condorpool_1_30,None,transfer,0,1706662356.0,,,1706662376.0,,,0.0,1706662376.0,1706662381.0,,,0.0,1706662381.0,1706662386.0,20.0,,0.0,5.0,5.0,,,,,poseidon,local,poseidon-submit,pegasus::transfer,/mnt/poseidon-data/poseidon/pegasus-5.1.0panorama/bin/pegasus-transfer,/home/poseidon/pegasus-5.1.0panorama/bin/../bin/pegasus-kickstart  -n pegasus::transfer -N null -i - -R local  -L casa-nowcast-small -T 2024-01-31T00:08:22+00:00 /home/poseidon/pegasus-5.1.0panorama/bin/../bin/pegasus-transfer  --threads 2,1.0,0,0,,,,,,,,,
stage_out_local_condorpool_1_20,None,transfer,0,1706662356.0,,,1706662361.0,,,0.0,1706662361.0,1706662371.0,,,0.0,1706662371.0,1706662376.0,5.0,,0.0,10.0,5.0,,,,,poseidon,local,poseidon-submit,pegasus::transfer,/mnt/poseidon-data/poseidon/pegasus-5.1.0panorama/bin/pegasus-transfer,/home/poseidon/pegasus-5.1.0panorama/bin/../bin/pegasus-kickstart  -n pegasus::transfer -N null -i - -R local  -L casa-nowcast-small -T 2024-01-31T00:08:22+00:00 /home/poseidon/pegasus-5.1.0panorama/bin/../bin/pegasus-transfer  --threads 2,1.0,0,0,,,,,,,,,
stage_out_local_condorpool_1_21,None,transfer,0,1706662356.0,,,1706662386.0,,,0.0,1706662386.0,1706662391.0,,,0.0,1706662391.0,1706662397.0,30.0,,0.0,5.0,6.0,,,,,poseidon,local,poseidon-submit,pegasus::transfer,/mnt/poseidon-data/poseidon/pegasus-5.1.0panorama/bin/pegasus-transfer,/home/poseidon/pegasus-5.1.0panorama/bin/../bin/pegasus-kickstart  -n pegasus::transfer -N null -i - -R local  -L casa-nowcast-small -T 2024-01-31T00:08:22+00:00 /home/poseidon/pegasus-5.1.0panorama/bin/../bin/pegasus-transfer  --threads 2,1.2,0,0,,,,,,,,,
stage_out_local_condorpool_1_22,None,transfer,0,1706662356.0,,,1706662386.0,,,0.0,1706662386.0,1706662391.0,,,0.0,1706662391.0,1706662397.0,30.0,,0.0,5.0,6.0,,,,,poseidon,local,poseidon-submit,pegasus::transfer,/mnt/poseidon-data/poseidon/pegasus-5.1.0panorama/bin/pegasus-transfer,/home/poseidon/pegasus-5.1.0panorama/bin/../bin/pegasus-kickstart  -n pegasus::transfer -N null -i - -R local  -L casa-nowcast-small -T 2024-01-31T00:08:22+00:00 /home/poseidon/pegasus-5.1.0panorama/bin/../bin/pegasus-transfer  --threads 2,1.2,0,0,,,,,,,,,
stage_out_local_condorpool_1_23,None,transfer,0,1706662356.0,,,1706662376.0,,,0.0,1706662376.0,1706662381.0,,,0.0,1706662381.0,1706662386.0,20.0,,0.0,5.0,5.0,,,,,poseidon,local,poseidon-submit,pegasus::transfer,/mnt/poseidon-data/poseidon/pegasus-5.1.0panorama/bin/pegasus-transfer,/home/poseidon/pegasus-5.1.0panorama/bin/../bin/pegasus-kickstart  -n pegasus::transfer -N null -i - -R local  -L casa-nowcast-small -T 2024-01-31T00:08:22+00:00 /home/poseidon/pegasus-5.1.0panorama/bin/../bin/pegasus-transfer  --threads 2,1.1,0,0,,,,,,,,,
stage_out_local_condorpool_1_26,None,transfer,0,1706662356.0,,,1706662376.0,,,0.0,1706662376.0,1706662381.0,,,0.0,1706662381.0,1706662386.0,20.0,,0.0,5.0,5.0,,,,,poseidon,local,poseidon-submit,pegasus::transfer,/mnt/poseidon-data/poseidon/pegasus-5.1.0panorama/bin/pegasus-transfer,/home/poseidon/pegasus-5.1.0panorama/bin/../bin/pegasus-kickstart  -n pegasus::transfer -N null -i - -R local  -L casa-nowcast-small -T 2024-01-31T00:08:22+00:00 /home/poseidon/pegasus-5.1.0panorama/bin/../bin/pegasus-transfer  --threads 2,1.1,0,0,,,,,,,,,
stage_out_local_condorpool_1_27,None,transfer,0,1706662356.0,,,1706662386.0,,,0.0,1706662386.0,1706662391.0,,,0.0,1706662391.0,1706662397.0,30.0,,0.0,5.0,6.0,,,,,poseidon,local,poseidon-submit,pegasus::transfer,/mnt/poseidon-data/poseidon/pegasus-5.1.0panorama/bin/pegasus-transfer,/home/poseidon/pegasus-5.1.0panorama/bin/../bin/pegasus-kickstart  -n pegasus::transfer -N null -i - -R local  -L casa-nowcast-small -T 2024-01-31T00:08:22+00:00 /home/poseidon/pegasus-5.1.0panorama/bin/../bin/pegasus-transfer  --threads 2,1.2,0,0,,,,,,,,,
stage_out_local_condorpool_1_28,None,transfer,0,1706662356.0,,,1706662386.0,,,0.0,1706662386.0,1706662391.0,,,0.0,1706662391.0,1706662397.0,30.0,,0.0,5.0,6.0,,,,,poseidon,local,poseidon-submit,pegasus::transfer,/mnt/poseidon-data/poseidon/pegasus-5.1.0panorama/bin/pegasus-transfer,/home/poseidon/pegasus-5.1.0panorama/bin/../bin/pegasus-kickstart  -n pegasus::transfer -N null -i - -R local  -L casa-nowcast-small -T 2024-01-31T00:08:22+00:00 /home/poseidon/pegasus-5.1.0panorama/bin/../bin/pegasus-transfer  --threads 2,1.1,0,0,,,,,,,,,
stage_out_local_condorpool_1_32,None,transfer,0,1706662356.0,,,1706662376.0,,,0.0,1706662376.0,1706662381.0,,,0.0,1706662381.0,1706662386.0,20.0,,0.0,5.0,5.0,,,,,poseidon,local,poseidon-submit,pegasus::transfer,/mnt/poseidon-data/poseidon/pegasus-5.1.0panorama/bin/pegasus-transfer,/home/poseidon/pegasus-5.1.0panorama/bin/../bin/pegasus-kickstart  -n pegasus::transfer -N null -i - -R local  -L casa-nowcast-small -T 2024-01-31T00:08:22+00:00 /home/poseidon/pegasus-5.1.0panorama/bin/../bin/pegasus-transfer  --threads 2,1.0,0,0,,,,,,,,,
stage_out_local_condorpool_1_25,None,transfer,0,1706662361.0,,,1706662386.0,,,0.0,1706662386.0,1706662391.0,,,0.0,1706662391.0,1706662397.0,25.0,,0.0,5.0,6.0,,,,,poseidon,local,poseidon-submit,pegasus::transfer,/mnt/poseidon-data/poseidon/pegasus-5.1.0panorama/bin/pegasus-transfer,/home/poseidon/pegasus-5.1.0panorama/bin/../bin/pegasus-kickstart  -n pegasus::transfer -N null -i - -R local  -L casa-nowcast-small -T 2024-01-31T00:08:22+00:00 /home/poseidon/pegasus-5.1.0panorama/bin/../bin/pegasus-transfer  --threads 2,1.1,0,0,,,,,,,,,
stage_out_local_condorpool_1_9,None,transfer,0,1706662361.0,,,1706662397.0,,,0.0,1706662397.0,1706662402.0,,,0.0,1706662402.0,1706662407.0,36.0,,0.0,5.0,5.0,,,,,poseidon,local,poseidon-submit,pegasus::transfer,/mnt/poseidon-data/poseidon/pegasus-5.1.0panorama/bin/pegasus-transfer,/home/poseidon/pegasus-5.1.0panorama/bin/../bin/pegasus-kickstart  -n pegasus::transfer -N null -i - -R local  -L casa-nowcast-small -T 2024-01-31T00:08:22+00:00 /home/poseidon/pegasus-5.1.0panorama/bin/../bin/pegasus-transfer  --threads 2,1.1,0,0,,,,,,,,,
stage_out_local_condorpool_1_7,None,transfer,0,1706662361.0,,,1706662396.0,,,0.0,1706662397.0,1706662402.0,,,0.0,1706662402.0,1706662407.0,35.0,,1.0,5.0,5.0,,,,,poseidon,local,poseidon-submit,pegasus::transfer,/mnt/poseidon-data/poseidon/pegasus-5.1.0panorama/bin/pegasus-transfer,/home/poseidon/pegasus-5.1.0panorama/bin/../bin/pegasus-kickstart  -n pegasus::transfer -N null -i - -R local  -L casa-nowcast-small -T 2024-01-31T00:08:22+00:00 /home/poseidon/pegasus-5.1.0panorama/bin/../bin/pegasus-transfer  --threads 2,1.1,0,0,,,,,,,,,
stage_out_local_condorpool_1_5,None,transfer,0,1706662361.0,,,1706662397.0,,,0.0,1706662397.0,1706662402.0,,,0.0,1706662402.0,1706662407.0,36.0,,0.0,5.0,5.0,,,,,poseidon,local,poseidon-submit,pegasus::transfer,/mnt/poseidon-data/poseidon/pegasus-5.1.0panorama/bin/pegasus-transfer,/home/poseidon/pegasus-5.1.0panorama/bin/../bin/pegasus-kickstart  -n pegasus::transfer -N null -i - -R local  -L casa-nowcast-small -T 2024-01-31T00:08:22+00:00 /home/poseidon/pegasus-5.1.0panorama/bin/../bin/pegasus-transfer  --threads 2,1.1,0,0,,,,,,,,,
stage_out_local_condorpool_1_4,None,transfer,0,1706662361.0,,,1706662386.0,,,0.0,1706662386.0,1706662391.0,,,0.0,1706662391.0,1706662397.0,25.0,,0.0,5.0,6.0,,,,,poseidon,local,poseidon-submit,pegasus::transfer,/mnt/poseidon-data/poseidon/pegasus-5.1.0panorama/bin/pegasus-transfer,/home/poseidon/pegasus-5.1.0panorama/bin/../bin/pegasus-kickstart  -n pegasus::transfer -N null -i - -R local  -L casa-nowcast-small -T 2024-01-31T00:08:22+00:00 /home/poseidon/pegasus-5.1.0panorama/bin/../bin/pegasus-transfer  --threads 2,1.1,0,0,,,,,,,,,
stage_out_local_condorpool_1_3,None,transfer,0,1706662361.0,,,1706662397.0,,,0.0,1706662397.0,1706662402.0,,,0.0,1706662402.0,1706662407.0,36.0,,0.0,5.0,5.0,,,,,poseidon,local,poseidon-submit,pegasus::transfer,/mnt/poseidon-data/poseidon/pegasus-5.1.0panorama/bin/pegasus-transfer,/home/poseidon/pegasus-5.1.0panorama/bin/../bin/pegasus-kickstart  -n pegasus::transfer -N null -i - -R local  -L casa-nowcast-small -T 2024-01-31T00:08:22+00:00 /home/poseidon/pegasus-5.1.0panorama/bin/../bin/pegasus-transfer  --threads 2,1.1,0,0,,,,,,,,,
stage_out_local_condorpool_1_2,None,transfer,0,1706662361.0,,,1706662386.0,,,0.0,1706662386.0,1706662391.0,,,0.0,1706662391.0,1706662397.0,25.0,,0.0,5.0,6.0,,,,,poseidon,local,poseidon-submit,pegasus::transfer,/mnt/poseidon-data/poseidon/pegasus-5.1.0panorama/bin/pegasus-transfer,/home/poseidon/pegasus-5.1.0panorama/bin/../bin/pegasus-kickstart  -n pegasus::transfer -N null -i - -R local  -L casa-nowcast-small -T 2024-01-31T00:08:22+00:00 /home/poseidon/pegasus-5.1.0panorama/bin/../bin/pegasus-transfer  --threads 2,1.1,0,0,,,,,,,,,
stage_out_local_condorpool_1_1,None,transfer,0,1706662361.0,,,1706662397.0,,,0.0,1706662397.0,1706662402.0,,,0.0,1706662402.0,1706662407.0,36.0,,0.0,5.0,5.0,,,,,poseidon,local,poseidon-submit,pegasus::transfer,/mnt/poseidon-data/poseidon/pegasus-5.1.0panorama/bin/pegasus-transfer,/home/poseidon/pegasus-5.1.0panorama/bin/../bin/pegasus-kickstart  -n pegasus::transfer -N null -i - -R local  -L casa-nowcast-small -T 2024-01-31T00:08:22+00:00 /home/poseidon/pegasus-5.1.0panorama/bin/../bin/pegasus-transfer  --threads 2,1.1,0,0,,,,,,,,,
stage_out_local_condorpool_1_0,None,transfer,0,1706662361.0,,,1706662397.0,,,0.0,1706662397.0,1706662402.0,,,0.0,1706662402.0,1706662407.0,36.0,,0.0,5.0,5.0,,,,,poseidon,local,poseidon-submit,pegasus::transfer,/mnt/poseidon-data/poseidon/pegasus-5.1.0panorama/bin/pegasus-transfer,/home/poseidon/pegasus-5.1.0panorama/bin/../bin/pegasus-kickstart  -n pegasus::transfer -N null -i - -R local  -L casa-nowcast-small -T 2024-01-31T00:08:22+00:00 /home/poseidon/pegasus-5.1.0panorama/bin/../bin/pegasus-transfer  --threads 2,1.1,0,0,,,,,,,,,
stage_out_local_condorpool_1_37,None,transfer,0,1706662361.0,,,1706662386.0,,,0.0,1706662386.0,1706662391.0,,,0.0,1706662391.0,1706662397.0,25.0,,0.0,5.0,6.0,,,,,poseidon,local,poseidon-submit,pegasus::transfer,/mnt/poseidon-data/poseidon/pegasus-5.1.0panorama/bin/pegasus-transfer,/home/poseidon/pegasus-5.1.0panorama/bin/../bin/pegasus-kickstart  -n pegasus::transfer -N null -i - -R local  -L casa-nowcast-small -T 2024-01-31T00:08:22+00:00 /home/poseidon/pegasus-5.1.0panorama/bin/../bin/pegasus-transfer  --threads 2,1.1,0,0,,,,,,,,,
stage_out_local_condorpool_1_29,None,transfer,0,1706662361.0,,,1706662386.0,,,0.0,1706662386.0,1706662391.0,,,0.0,1706662391.0,1706662397.0,25.0,,0.0,5.0,6.0,,,,,poseidon,local,poseidon-submit,pegasus::transfer,/mnt/poseidon-data/poseidon/pegasus-5.1.0panorama/bin/pegasus-transfer,/home/poseidon/pegasus-5.1.0panorama/bin/../bin/pegasus-kickstart  -n pegasus::transfer -N null -i - -R local  -L casa-nowcast-small -T 2024-01-31T00:08:22+00:00 /home/poseidon/pegasus-5.1.0panorama/bin/../bin/pegasus-transfer  --threads 2,1.1,0,0,,,,,,,,,
stage_out_local_condorpool_1_34,None,transfer,0,1706662361.0,,,1706662397.0,,,0.0,1706662397.0,1706662402.0,,,0.0,1706662402.0,1706662407.0,36.0,,0.0,5.0,5.0,,,,,poseidon,local,poseidon-submit,pegasus::transfer,/mnt/poseidon-data/poseidon/pegasus-5.1.0panorama/bin/pegasus-transfer,/home/poseidon/pegasus-5.1.0panorama/bin/../bin/pegasus-kickstart  -n pegasus::transfer -N null -i - -R local  -L casa-nowcast-small -T 2024-01-31T00:08:22+00:00 /home/poseidon/pegasus-5.1.0panorama/bin/../bin/pegasus-transfer  --threads 2,1.0,0,0,,,,,,,,,
stage_out_local_condorpool_1_8,None,transfer,0,1706662361.0,,,1706662397.0,,,0.0,1706662397.0,1706662402.0,,,0.0,1706662402.0,1706662407.0,36.0,,0.0,5.0,5.0,,,,,poseidon,local,poseidon-submit,pegasus::transfer,/mnt/poseidon-data/poseidon/pegasus-5.1.0panorama/bin/pegasus-transfer,/home/poseidon/pegasus-5.1.0panorama/bin/../bin/pegasus-kickstart  -n pegasus::transfer -N null -i - -R local  -L casa-nowcast-small -T 2024-01-31T00:08:22+00:00 /home/poseidon/pegasus-5.1.0panorama/bin/../bin/pegasus-transfer  --threads 2,1.2,0,0,,,,,,,,,
stage_out_local_condorpool_1_6,None,transfer,0,1706662366.0,,,1706662376.0,,,0.0,1706662376.0,1706662381.0,,,0.0,1706662381.0,1706662386.0,10.0,,0.0,5.0,5.0,,,,,poseidon,local,poseidon-submit,pegasus::transfer,/mnt/poseidon-data/poseidon/pegasus-5.1.0panorama/bin/pegasus-transfer,/home/poseidon/pegasus-5.1.0panorama/bin/../bin/pegasus-kickstart  -n pegasus::transfer -N null -i - -R local  -L casa-nowcast-small -T 2024-01-31T00:08:22+00:00 /home/poseidon/pegasus-5.1.0panorama/bin/../bin/pegasus-transfer  --threads 2,1.1,0,0,,,,,,,,,
cleanup_casa-nowcast-small_0_condorpool,None,auxiliary,0,1706662407.0,,,1706662412.0,,,0.0,1706662412.0,1706662417.0,,,0.0,1706662417.0,1706662422.0,5.0,,0.0,5.0,5.0,,,,,poseidon,local,poseidon-submit,pegasus::cleanup,/mnt/poseidon-data/poseidon/pegasus-5.1.0panorama/bin/pegasus-transfer,pegasus-kickstart  -n pegasus::cleanup -N null -i - -R local  -L casa-nowcast-small -T 2024-01-31T00:08:22+00:00 pegasus-transfer,0.3,0,0,,,,,,,,,
