,anomaly_type,type,is_clustered,ready,pre_script_start,pre_script_end,submit,stage_in_start,stage_in_end,stage_in_effective_bytes_per_sec,execute_start,execute_end,stage_out_start,stage_out_end,stage_out_effective_bytes_per_sec,post_script_start,post_script_end,wms_delay,pre_script_delay,queue_delay,runtime,post_script_delay,stage_in_delay,stage_in_bytes,stage_out_delay,stage_out_bytes,kickstart_user,kickstart_site,kickstart_hostname,kickstart_transformations,kickstart_executables,kickstart_executables_argv,kickstart_executables_cpu_time,kickstart_status,kickstart_executables_exitcode,kickstart_online_iowait,kickstart_online_bytes_read,kickstart_online_bytes_written,kickstart_online_read_system_calls,kickstart_online_write_system_calls,kickstart_online_utime,kickstart_online_stime,kickstart_online_bytes_read_per_second,kickstart_online_bytes_written_per_second
create_dir_variant-calling_0_condorpool,None,auxiliary,0,1702020781.0,,,1702020782.0,,,0.0,1702020786.0,1702020792.0,,,0.0,1702020792.0,1702020797.0,1.0,,4.0,6.0,5.0,,,,,poseidon,local,poseidon-submit,pegasus::dirmanager,/mnt/poseidon-data/poseidon/pegasus-5.1.0panorama/bin/pegasus-transfer,pegasus-kickstart  -n pegasus::dirmanager -N null -i - -R local  -L variant-calling -T 2023-11-15T22:51:21+00:00 pegasus-transfer,0.2,0,0,,,,,,,,,
bwa_ID0000144,None,compute,0,1702020797.0,,,1702020802.0,1702020825.0,1702020893.0,15907637.8,1702020822.0,1702020912.0,1702020901.0,1702020905.0,2297559.0,1702020912.0,1702020917.0,5.0,,20.0,90.0,5.0,68.0,373196673.0,4.0,8102405.0,poseidon,condorpool,poseidon-worker-1-container-4-7,bwa,/opt/software/install/bwa/0.7.17/bwa,,1.5,0,0,,,,,,,,,
bwa_ID0000166,None,compute,0,1702020797.0,,,1702020802.0,1702020849.0,1702020894.0,52301224.0,1702020826.0,1702020912.0,1702020901.0,1702020904.0,2325574.0,1702020912.0,1702020917.0,5.0,,24.0,86.0,5.0,45.0,373196673.0,3.0,8102405.0,poseidon,condorpool,poseidon-worker-2-container-40-43,bwa,/opt/software/install/bwa/0.7.17/bwa,,1.6,0,0,,,,,,,,,
bwa_ID0000188,None,compute,0,1702020797.0,,,1702020802.0,1702020846.0,1702020895.0,52997269.0,1702020829.0,1702020912.0,1702020902.0,1702020906.0,2422388.0,1702020912.0,1702020917.0,5.0,,27.0,83.0,5.0,49.0,373196673.0,4.0,8102405.0,poseidon,condorpool,poseidon-worker-1-container-40-43,bwa,/opt/software/install/bwa/0.7.17/bwa,,1.8,0,0,,,,,,,,,
bwa_ID0000023,None,compute,0,1702020797.0,,,1702020802.0,1702020850.0,1702020894.0,53393076.0,1702020826.0,1702020912.0,1702020901.0,1702020904.0,2368767.0,1702020912.0,1702020917.0,5.0,,24.0,86.0,5.0,44.0,373196673.0,3.0,8102405.0,poseidon,condorpool,poseidon-worker-2-container-24-27,bwa,/opt/software/install/bwa/0.7.17/bwa,,1.6,0,0,,,,,,,,,
bwa_ID0000045,None,compute,0,1702020797.0,,,1702020802.0,1702020825.0,1702020893.0,16838557.3,1702020822.0,1702020912.0,1702020901.0,1702020905.0,2308462.0,1702020912.0,1702020917.0,5.0,,20.0,90.0,5.0,68.0,373196673.0,4.0,8102405.0,poseidon,condorpool,poseidon-worker-1-container-44-47,bwa,/opt/software/install/bwa/0.7.17/bwa,,1.8,0,0,,,,,,,,,
bwa_ID0000067,None,compute,0,1702020797.0,,,1702020802.0,1702020824.0,1702020894.0,11662273.7,1702020822.0,1702020912.0,1702020901.0,1702020904.0,2284841.0,1702020912.0,1702020917.0,5.0,,20.0,90.0,5.0,70.0,373196673.0,3.0,8102405.0,poseidon,condorpool,poseidon-worker-2-container-4-7,bwa,/opt/software/install/bwa/0.7.17/bwa,,1.6,0,0,,,,,,,,,
bwa_ID0000089,None,compute,0,1702020797.0,,,1702020802.0,1702020824.0,1702020889.0,6313344.1,1702020822.0,1702020907.0,1702020897.0,1702020900.0,2442661.0,1702020907.0,1702020912.0,5.0,,20.0,85.0,5.0,65.0,373196673.0,3.0,8102405.0,poseidon,condorpool,poseidon-worker-2-container-8-11,bwa,/opt/software/install/bwa/0.7.17/bwa,,1.5,0,0,,,,,,,,,
bwa_ID0000287,None,compute,0,1702020797.0,,,1702020802.0,1702020826.0,1702020895.0,16173318.9,1702020823.0,1702020912.0,1702020902.0,1702020905.0,2394489.0,1702020912.0,1702020917.0,5.0,,21.0,89.0,5.0,69.0,373196673.0,3.0,8102405.0,poseidon,condorpool,poseidon-worker-1-container-12-15,bwa,/opt/software/install/bwa/0.7.17/bwa,,1.9,0,0,,,,,,,,,
bwa_ID0000265,hdd_10,compute,0,1702020797.0,,,1702020802.0,1702020824.0,1702020889.0,6425123.5,1702020822.0,1702020907.0,1702020898.0,1702020901.0,2451003.0,1702020907.0,1702020912.0,5.0,,20.0,85.0,5.0,65.0,373196673.0,3.0,8102405.0,poseidon,condorpool,poseidon-worker-2-container-0-3,bwa,/opt/software/install/bwa/0.7.17/bwa,,1.5,0,0,,,,,,,,,
bwa_ID0000320,None,compute,0,1702020797.0,,,1702020802.0,1702020825.0,1702020895.0,14463716.6,1702020823.0,1702020912.0,1702020902.0,1702020906.0,2350772.0,1702020912.0,1702020917.0,5.0,,21.0,89.0,5.0,70.0,373196673.0,4.0,8102405.0,poseidon,condorpool,poseidon-worker-1-container-16-19,bwa,/opt/software/install/bwa/0.7.17/bwa,,1.5,0,0,,,,,,,,,
bwa_ID0000221,None,compute,0,1702020797.0,,,1702020802.0,1702020825.0,1702020890.0,6396043.7,1702020823.0,1702020912.0,1702020899.0,1702020902.0,2430299.0,1702020912.0,1702020917.0,5.0,,21.0,89.0,5.0,65.0,373196673.0,3.0,8102405.0,poseidon,condorpool,poseidon-worker-1-container-8-11,bwa,/opt/software/install/bwa/0.7.17/bwa,,1.6,0,0,,,,,,,,,
bwa_ID0000100,None,compute,0,1702020797.0,,,1702020802.0,1702020826.0,1702020893.0,16639593.8,1702020823.0,1702020912.0,1702020901.0,1702020905.0,2313710.0,1702020912.0,1702020917.0,5.0,,21.0,89.0,5.0,67.0,373196673.0,4.0,8102405.0,poseidon,condorpool,poseidon-worker-1-container-28-31,bwa,/opt/software/install/bwa/0.7.17/bwa,,1.7,0,0,,,,,,,,,
bwa_ID0000243,None,compute,0,1702020797.0,,,1702020802.0,1702020827.0,1702020894.0,16750308.8,1702020824.0,1702020912.0,1702020902.0,1702020905.0,2341189.0,1702020912.0,1702020917.0,5.0,,22.0,88.0,5.0,67.0,373196673.0,3.0,8102405.0,poseidon,condorpool,poseidon-worker-1-container-24-27,bwa,/opt/software/install/bwa/0.7.17/bwa,,1.9,0,0,,,,,,,,,
bwa_ID0000001,None,compute,0,1702020797.0,,,1702020802.0,1702020824.0,1702020894.0,11332111.1,1702020823.0,1702020912.0,1702020901.0,1702020904.0,2300068.0,1702020912.0,1702020917.0,5.0,,21.0,89.0,5.0,70.0,373196673.0,3.0,8102405.0,poseidon,condorpool,poseidon-worker-2-container-28-31,bwa,/opt/software/install/bwa/0.7.17/bwa,,1.6,0,0,,,,,,,,,
bwa_ID0000309,None,compute,0,1702020797.0,,,1702020802.0,1702020826.0,1702020892.0,13540642.0,1702020824.0,1702020912.0,1702020899.0,1702020903.0,2371877.0,1702020912.0,1702020917.0,5.0,,22.0,88.0,5.0,66.0,373196673.0,4.0,8102405.0,poseidon,condorpool,poseidon-worker-2-container-44-47,bwa,/opt/software/install/bwa/0.7.17/bwa,,1.7,0,0,,,,,,,,,
bwa_ID0000012,None,compute,0,1702020797.0,,,1702020802.0,1702020824.0,1702020889.0,6510712.1,1702020822.0,1702020907.0,1702020898.0,1702020901.0,2444253.0,1702020907.0,1702020912.0,5.0,,20.0,85.0,5.0,65.0,373196673.0,3.0,8102405.0,poseidon,condorpool,poseidon-worker-2-container-32-35,bwa,/opt/software/install/bwa/0.7.17/bwa,,1.4,0,0,,,,,,,,,
bwa_ID0000111,None,compute,0,1702020797.0,,,1702020802.0,1702020825.0,1702020890.0,6337226.3,1702020822.0,1702020907.0,1702020898.0,1702020902.0,2437743.0,1702020907.0,1702020912.0,5.0,,20.0,85.0,5.0,65.0,373196673.0,4.0,8102405.0,poseidon,condorpool,poseidon-worker-1-container-44-47,bwa,/opt/software/install/bwa/0.7.17/bwa,,1.5,0,0,,,,,,,,,
bwa_ID0000232,None,compute,0,1702020797.0,,,1702020802.0,1702020824.0,1702020892.0,12303279.5,1702020822.0,1702020912.0,1702020899.0,1702020903.0,2369698.0,1702020912.0,1702020917.0,5.0,,20.0,90.0,5.0,68.0,373196673.0,4.0,8102405.0,poseidon,condorpool,poseidon-worker-2-container-44-47,bwa,/opt/software/install/bwa/0.7.17/bwa,,1.7,0,0,,,,,,,,,
bwa_ID0000210,None,compute,0,1702020797.0,,,1702020802.0,1702020824.0,1702020891.0,12830395.1,1702020823.0,1702020912.0,1702020899.0,1702020902.0,2406754.0,1702020912.0,1702020917.0,5.0,,21.0,89.0,5.0,67.0,373196673.0,3.0,8102405.0,poseidon,condorpool,poseidon-worker-2-container-40-43,bwa,/opt/software/install/bwa/0.7.17/bwa,,1.7,0,0,,,,,,,,,
bwa_ID0000078,None,compute,0,1702020797.0,,,1702020802.0,1702020825.0,1702020892.0,12782958.8,1702020823.0,1702020912.0,1702020899.0,1702020903.0,2371880.0,1702020912.0,1702020917.0,5.0,,21.0,89.0,5.0,67.0,373196673.0,4.0,8102405.0,poseidon,condorpool,poseidon-worker-2-container-36-39,bwa,/opt/software/install/bwa/0.7.17/bwa,,1.7,0,0,,,,,,,,,
bwa_ID0000199,None,compute,0,1702020797.0,,,1702020802.0,1702020825.0,1702020893.0,16884821.6,1702020823.0,1702020912.0,1702020901.0,1702020904.0,2344418.0,1702020912.0,1702020917.0,5.0,,21.0,89.0,5.0,68.0,373196673.0,3.0,8102405.0,poseidon,condorpool,poseidon-worker-1-container-36-39,bwa,/opt/software/install/bwa/0.7.17/bwa,,1.8,0,0,,,,,,,,,
bwa_ID0000122,None,compute,0,1702020797.0,,,1702020802.0,1702020824.0,1702020892.0,12414100.3,1702020822.0,1702020912.0,1702020899.0,1702020903.0,2386008.0,1702020912.0,1702020917.0,5.0,,20.0,90.0,5.0,68.0,373196673.0,4.0,8102405.0,poseidon,condorpool,poseidon-worker-2-container-20-23,bwa,/opt/software/install/bwa/0.7.17/bwa,,1.7,0,0,,,,,,,,,
bwa_ID0000056,None,compute,0,1702020797.0,,,1702020802.0,1702020825.0,1702020895.0,15380104.2,1702020822.0,1702020912.0,1702020902.0,1702020906.0,2396666.0,1702020912.0,1702020917.0,5.0,,20.0,90.0,5.0,70.0,373196673.0,4.0,8102405.0,poseidon,condorpool,poseidon-worker-1-container-20-23,bwa,/opt/software/install/bwa/0.7.17/bwa,,1.8,0,0,,,,,,,,,
bwa_ID0000155,None,compute,0,1702020797.0,,,1702020802.0,1702020824.0,1702020894.0,11631673.5,1702020822.0,1702020912.0,1702020901.0,1702020904.0,2307213.0,1702020912.0,1702020917.0,5.0,,20.0,90.0,5.0,70.0,373196673.0,3.0,8102405.0,poseidon,condorpool,poseidon-worker-2-container-24-27,bwa,/opt/software/install/bwa/0.7.17/bwa,,1.6,0,0,,,,,,,,,
bwa_ID0000133,None,compute,0,1702020797.0,,,1702020802.0,1702020826.0,1702020900.0,5646429.4,1702020823.0,1702020917.0,1702020907.0,1702020910.0,2443608.0,1702020917.0,1702020923.0,5.0,,21.0,94.0,6.0,74.0,373196673.0,3.0,8102405.0,poseidon,condorpool,poseidon-worker-1-container-40-43,bwa,/opt/software/install/bwa/0.7.17/bwa,,1.4,0,0,,,,,,,,,
bwa_ID0000298,None,compute,0,1702020797.0,,,1702020802.0,1702020824.0,1702020894.0,11231628.2,1702020822.0,1702020912.0,1702020901.0,1702020904.0,2367486.0,1702020912.0,1702020917.0,5.0,,20.0,90.0,5.0,70.0,373196673.0,3.0,8102405.0,poseidon,condorpool,poseidon-worker-2-container-12-15,bwa,/opt/software/install/bwa/0.7.17/bwa,,1.6,0,0,,,,,,,,,
bwa_ID0000276,None,compute,0,1702020797.0,,,1702020802.0,1702020825.0,1702020892.0,12900461.5,1702020823.0,1702020912.0,1702020899.0,1702020902.0,2414490.0,1702020912.0,1702020917.0,5.0,,21.0,89.0,5.0,67.0,373196673.0,3.0,8102405.0,poseidon,condorpool,poseidon-worker-2-container-16-19,bwa,/opt/software/install/bwa/0.7.17/bwa,,1.4,0,0,,,,,,,,,
bwa_ID0000254,hdd_10,compute,0,1702020797.0,,,1702020802.0,1702020825.0,1702020893.0,16929044.2,1702020822.0,1702020912.0,1702020901.0,1702020904.0,2356713.0,1702020912.0,1702020917.0,5.0,,20.0,90.0,5.0,68.0,373196673.0,3.0,8102405.0,poseidon,condorpool,poseidon-worker-1-container-0-3,bwa,/opt/software/install/bwa/0.7.17/bwa,,1.7,0,0,,,,,,,,,
bwa_ID0000034,None,compute,0,1702020797.0,,,1702020802.0,1702020825.0,1702020893.0,16119561.6,1702020822.0,1702020912.0,1702020901.0,1702020905.0,2303408.0,1702020912.0,1702020917.0,5.0,,20.0,90.0,5.0,68.0,373196673.0,4.0,8102405.0,poseidon,condorpool,poseidon-worker-1-container-4-7,bwa,/opt/software/install/bwa/0.7.17/bwa,,1.7,0,0,,,,,,,,,
bwa_ID0000177,None,compute,0,1702020797.0,,,1702020802.0,1702020825.0,1702020895.0,15476920.7,1702020822.0,1702020917.0,1702020902.0,1702020906.0,2400700.0,1702020917.0,1702020923.0,5.0,,20.0,95.0,6.0,70.0,373196673.0,4.0,8102405.0,poseidon,condorpool,poseidon-worker-1-container-32-35,bwa,/opt/software/install/bwa/0.7.17/bwa,,1.8,0,0,,,,,,,,,
bwa_ID0000271,None,compute,0,1702020912.0,,,1702020917.0,1702020920.0,1702020985.0,23535209.1,1702020918.0,1702021469.0,1702021451.0,1702021462.0,83390221.0,1702021469.0,1702021474.0,5.0,,1.0,551.0,5.0,65.0,1370986186.0,11.0,916454123.0,poseidon,condorpool,poseidon-worker-1-container-36-39,bwa,/opt/software/install/bwa/0.7.17/bwa,,133.0,0,0,1.4,998289210.0,916464134.0,62053.0,223901.0,128.3,4.8,1097021.1,11455801.7
bwa_ID0000266,None,compute,0,1702020912.0,,,1702020917.0,1702020920.0,1702020964.0,76100935.7,1702020918.0,1702021536.0,1702021474.0,1702021526.0,44382654.0,1702021536.0,1702021541.0,5.0,,1.0,618.0,5.0,44.0,2862781034.0,52.0,2285045729.0,poseidon,condorpool,poseidon-worker-2-container-36-39,bwa,/opt/software/install/bwa/0.7.17/bwa,,283.0,0,0,0.6,2490105424.0,2285068977.0,153198.0,558238.0,275.9,7.2,2540923.9,12694827.7
bwa_ID0000013,None,compute,0,1702020912.0,,,1702020917.0,1702020919.0,1702020967.0,71746001.1,1702020918.0,1702021541.0,1702021474.0,1702021533.0,39128081.0,1702021541.0,1702021547.0,5.0,,1.0,623.0,6.0,48.0,2862781034.0,59.0,2285045728.0,poseidon,condorpool,poseidon-worker-2-container-12-15,bwa,/opt/software/install/bwa/0.7.17/bwa,,285.1,0,0,0.6,2490109413.0,2285068975.0,153207.0,558238.0,278.1,7.2,2540928.0,11425344.9
bwa_ID0000090,None,compute,0,1702020912.0,,,1702020917.0,1702020920.0,1702020992.0,44475374.5,1702020918.0,1702021510.0,1702021458.0,1702021504.0,49900824.0,1702021510.0,1702021515.0,5.0,,1.0,592.0,5.0,72.0,2862781034.0,46.0,2285045728.0,poseidon,condorpool,poseidon-worker-1-container-32-35,bwa,/opt/software/install/bwa/0.7.17/bwa,,289.6,0,0,0.3,2489967173.0,2285068974.0,152643.0,558238.0,282.7,7.0,4081913.4,12694827.6
bwa_ID0000117,None,compute,0,1702020912.0,,,1702020917.0,1702020920.0,1702020941.0,100743276.8,1702020918.0,1702021485.0,1702021463.0,1702021474.0,83151075.0,1702021485.0,1702021490.0,5.0,,1.0,567.0,5.0,21.0,1370986186.0,11.0,916454123.0,poseidon,condorpool,poseidon-worker-2-container-32-35,bwa,/opt/software/install/bwa/0.7.17/bwa,,118.5,0,0,7.9,998137551.0,916464133.0,61447.0,223901.0,115.7,2.9,1957132.5,11455801.7
bwa_ID0000112,hdd_10,compute,0,1702020912.0,,,1702020917.0,1702020920.0,1702021138.0,15878555.6,1702020918.0,1702021552.0,1702021458.0,1702021542.0,27263877.0,1702021552.0,1702021557.0,5.0,,1.0,634.0,5.0,218.0,2862781034.0,84.0,2285045729.0,poseidon,condorpool,poseidon-worker-1-container-0-3,bwa,/opt/software/install/bwa/0.7.17/bwa,,286.8,0,0,203.6,2489963084.0,2285068976.0,152628.0,558238.0,280.9,6.0,4149938.5,13441582.2
bwa_ID0000095,None,compute,0,1702020912.0,,,1702020917.0,1702020920.0,1702020985.0,23581019.8,1702020918.0,1702021469.0,1702021451.0,1702021463.0,81631815.0,1702021469.0,1702021474.0,5.0,,1.0,551.0,5.0,65.0,1370986186.0,12.0,916454122.0,poseidon,condorpool,poseidon-worker-1-container-20-23,bwa,/opt/software/install/bwa/0.7.17/bwa,,130.9,0,0,2.2,998287765.0,916464133.0,62050.0,223901.0,127.5,3.5,1097019.5,10182934.8
bwa_ID0000018,None,compute,0,1702020912.0,,,1702020917.0,1702020920.0,1702020939.0,113221082.6,1702020918.0,1702021139.0,1702021118.0,1702021129.0,84864773.0,1702021139.0,1702021144.0,5.0,,1.0,221.0,5.0,19.0,1370986186.0,11.0,916454122.0,poseidon,condorpool,poseidon-worker-2-container-16-19,bwa,/opt/software/install/bwa/0.7.17/bwa,,120.5,0,0,0.5,998067334.0,916464132.0,61171.0,223901.0,116.7,3.8,3024446.5,10182934.8
bwa_ID0000106,None,compute,0,1702020917.0,,,1702020923.0,1702021497.0,1702021521.0,84037724.1,1702021495.0,1702022133.0,1702021929.0,1702022128.0,4605078.0,1702022133.0,1702022138.0,6.0,,572.0,638.0,5.0,24.0,1370986186.0,199.0,916454122.0,poseidon,condorpool,poseidon-worker-2-container-8-11,bwa,/opt/software/install/bwa/0.7.17/bwa,,121.2,0,0,3.9,998131962.0,916464134.0,61426.0,223901.0,117.5,3.7,1996263.9,10182934.8
bwa_ID0000222,None,compute,0,1702020917.0,,,1702020922.0,1702020942.0,1702021140.0,17386750.2,1702020940.0,1702021520.0,1702021458.0,1702021511.0,43045190.0,1702021520.0,1702021526.0,5.0,,18.0,580.0,6.0,198.0,2862781034.0,53.0,2285045729.0,poseidon,condorpool,poseidon-worker-1-container-12-15,bwa,/opt/software/install/bwa/0.7.17/bwa,,290.6,0,0,0.3,2489966086.0,2285068975.0,152634.0,558238.0,284.1,6.7,4149943.5,12026678.8
bwa_ID0000321,None,compute,0,1702020917.0,,,1702020923.0,1702021943.0,1702022028.0,40637285.4,1702021868.0,1702022373.0,1702022309.0,1702022336.0,86105100.0,1702022373.0,1702022378.0,6.0,,945.0,505.0,5.0,85.0,2862781034.0,27.0,2285045729.0,poseidon,condorpool,poseidon-worker-1-container-36-39,bwa,/opt/software/install/bwa/0.7.17/bwa,,273.3,0,0,0.0,2489971526.0,2285066962.0,152589.0,558237.0,266.6,6.8,4788406.8,10881271.2
bwa_ID0000326,None,compute,0,1702020917.0,,,1702020923.0,1702021943.0,1702022023.0,21719635.1,1702021868.0,1702022313.0,1702022293.0,1702022305.0,76931954.0,1702022313.0,1702022318.0,6.0,,945.0,445.0,5.0,80.0,1370986186.0,12.0,916454123.0,poseidon,condorpool,poseidon-worker-1-container-28-31,bwa,/opt/software/install/bwa/0.7.17/bwa,,123.0,0,0,0.7,998130075.0,916464136.0,61354.0,223901.0,120.8,2.2,2495325.2,7049724.1
bwa_ID0000288,None,compute,0,1702020917.0,,,1702020923.0,1702022090.0,1702022229.0,24389729.8,1702022088.0,1702022678.0,1702022648.0,1702022671.0,101813552.0,1702022678.0,1702022683.0,6.0,,1165.0,590.0,5.0,139.0,2862781034.0,23.0,2285045729.0,poseidon,condorpool,poseidon-worker-1-container-4-7,bwa,/opt/software/install/bwa/0.7.17/bwa,,267.4,0,0,2.4,2490008170.0,2285068980.0,152745.0,558238.0,261.9,5.6,3952393.9,11425344.9
bwa_ID0000293,None,compute,0,1702020917.0,,,1702020923.0,1702022090.0,1702022188.0,17100242.6,1702022088.0,1702022373.0,1702022298.0,1702022334.0,25236789.0,1702022373.0,1702022378.0,6.0,,1165.0,285.0,5.0,98.0,1370986186.0,36.0,916454123.0,poseidon,condorpool,poseidon-worker-1-container-32-35,bwa,/opt/software/install/bwa/0.7.17/bwa,,120.4,0,0,3.9,998048621.0,916464134.0,61033.0,223901.0,118.1,2.4,5252887.5,10182934.8
bwa_ID0000101,None,compute,0,1702020917.0,,,1702020923.0,1702021497.0,1702021543.0,73917413.4,1702021495.0,1702022343.0,1702022254.0,1702022297.0,52840571.0,1702022343.0,1702022348.0,6.0,,572.0,848.0,5.0,46.0,2862781034.0,43.0,2285045728.0,poseidon,condorpool,poseidon-worker-2-container-44-47,bwa,/opt/software/install/bwa/0.7.17/bwa,,275.0,0,0,4.6,2490225527.0,2285068978.0,153606.0,558238.0,267.9,7.3,2075187.9,9521120.7
bwa_ID0000167,None,compute,0,1702020917.0,,,1702020923.0,1702021524.0,1702022034.0,5680956.5,1702021522.0,1702022373.0,1702022304.0,1702022334.0,77182281.0,1702022373.0,1702022378.0,6.0,,599.0,851.0,5.0,510.0,2862781034.0,30.0,2285045729.0,poseidon,condorpool,poseidon-worker-1-container-24-27,bwa,/opt/software/install/bwa/0.7.17/bwa,,276.4,0,0,1.3,2489959790.0,2285068980.0,152550.0,558238.0,270.3,6.2,4979919.6,10386677.2
bwa_ID0000073,None,compute,0,1702020917.0,,,1702020923.0,1702021512.0,1702021548.0,46936057.0,1702021510.0,1702021997.0,1702021862.0,1702021942.0,11459422.0,1702021997.0,1702022002.0,6.0,,587.0,487.0,5.0,36.0,1370986186.0,80.0,916454122.0,poseidon,condorpool,poseidon-worker-1-container-40-43,bwa,/opt/software/install/bwa/0.7.17/bwa,,118.2,0,0,4.5,998148455.0,916464133.0,61468.0,223901.0,114.3,3.9,1957153.8,13092344.8
bwa_ID0000046,None,compute,0,1702020917.0,,,1702020922.0,1702020939.0,1702021120.0,16529640.5,1702020937.0,1702021536.0,1702021474.0,1702021528.0,42200089.0,1702021536.0,1702021541.0,5.0,,15.0,599.0,5.0,181.0,2862781034.0,54.0,2285045728.0,poseidon,condorpool,poseidon-worker-2-container-20-23,bwa,/opt/software/install/bwa/0.7.17/bwa,,288.2,0,0,0.8,2489989575.0,2285068974.0,152733.0,558238.0,280.0,8.3,3716402.4,14281681.1
bwa_ID0000051,None,compute,0,1702020917.0,,,1702020922.0,1702020939.0,1702021113.0,8258670.3,1702020938.0,1702021510.0,1702021468.0,1702021500.0,28446449.0,1702021510.0,1702021515.0,5.0,,16.0,572.0,5.0,174.0,1370986186.0,32.0,916454122.0,poseidon,condorpool,poseidon-worker-2-container-28-31,bwa,/opt/software/install/bwa/0.7.17/bwa,,130.8,0,0,0.5,998199744.0,916464132.0,61699.0,223901.0,127.9,2.9,1467940.8,10182934.8
bwa_ID0000024,None,compute,0,1702020917.0,,,1702020922.0,1702021472.0,1702021504.0,118872088.7,1702021470.0,1702022088.0,1702022011.0,1702022036.0,92944463.0,1702022088.0,1702022093.0,5.0,,548.0,618.0,5.0,32.0,2862781034.0,25.0,2285045728.0,poseidon,condorpool,poseidon-worker-1-container-4-7,bwa,/opt/software/install/bwa/0.7.17/bwa,,281.3,0,0,5.0,2490102811.0,2285068976.0,153183.0,558238.0,272.8,8.6,2567116.3,7616896.6
bwa_ID0000029,None,compute,0,1702020917.0,,,1702020922.0,1702021472.0,1702021495.0,87861424.0,1702021470.0,1702021872.0,1702021812.0,1702021862.0,18166721.0,1702021872.0,1702021877.0,5.0,,548.0,402.0,5.0,23.0,1370986186.0,50.0,916454122.0,poseidon,condorpool,poseidon-worker-1-container-28-31,bwa,/opt/software/install/bwa/0.7.17/bwa,,126.0,0,0,1.9,998025915.0,916464132.0,60997.0,223901.0,122.1,3.9,4752504.4,11455801.7
bwa_ID0000189,hdd_10,compute,0,1702020917.0,,,1702020923.0,1702021550.0,1702021946.0,8198745.8,1702021548.0,1702022373.0,1702022305.0,1702022334.0,77500535.0,1702022373.0,1702022378.0,6.0,,625.0,825.0,5.0,396.0,2862781034.0,29.0,2285045729.0,poseidon,condorpool,poseidon-worker-1-container-0-3,bwa,/opt/software/install/bwa/0.7.17/bwa,,276.6,0,0,54.8,2489995914.0,2285068978.0,152691.0,558238.0,271.2,5.5,4220332.1,10881280.8
bwa_ID0000194,None,compute,0,1702020917.0,,,1702020923.0,1702021863.0,1702022021.0,16244008.9,1702021818.0,1702022228.0,1702022181.0,1702022192.0,84249480.0,1702022228.0,1702022233.0,6.0,,895.0,410.0,5.0,158.0,1370986186.0,11.0,916454123.0,poseidon,condorpool,poseidon-worker-1-container-44-47,bwa,/opt/software/install/bwa/0.7.17/bwa,,119.3,0,0,5.7,998075969.0,916464133.0,61147.0,223901.0,116.3,3.1,3696577.7,10182934.8
bwa_ID0000172,None,compute,0,1702020917.0,,,1702020923.0,1702021534.0,1702021616.0,21517395.8,1702021532.0,1702022148.0,1702022128.0,1702022142.0,64772389.0,1702022148.0,1702022153.0,6.0,,609.0,616.0,5.0,82.0,1370986186.0,14.0,916454123.0,poseidon,condorpool,poseidon-worker-2-container-36-39,bwa,/opt/software/install/bwa/0.7.17/bwa,,116.6,0,0,1.0,998052772.0,916464133.0,61042.0,223901.0,112.9,3.7,5252909.3,13092344.8
bwa_ID0000145,None,compute,0,1702020917.0,,,1702020923.0,1702021541.0,1702021795.0,11838300.7,1702021539.0,1702022418.0,1702022340.0,1702022409.0,32970603.0,1702022418.0,1702022423.0,6.0,,616.0,879.0,5.0,254.0,2862781034.0,69.0,2285045729.0,poseidon,condorpool,poseidon-worker-2-container-12-15,bwa,/opt/software/install/bwa/0.7.17/bwa,,267.1,0,0,1.0,2490052748.0,2285068980.0,152916.0,558238.0,261.6,5.6,3364936.1,11425344.9
bwa_ID0000150,None,compute,0,1702020917.0,,,1702020923.0,1702021542.0,1702021687.0,15175229.4,1702021540.0,1702022303.0,1702022254.0,1702022267.0,73027522.0,1702022303.0,1702022308.0,6.0,,617.0,763.0,5.0,145.0,1370986186.0,13.0,916454123.0,poseidon,condorpool,poseidon-worker-2-container-16-19,bwa,/opt/software/install/bwa/0.7.17/bwa,,121.6,0,0,10.7,998258949.0,916464137.0,61873.0,223901.0,117.8,3.9,1331011.9,9164641.4
bwa_ID0000310,None,compute,0,1702020917.0,,,1702020922.0,1702021471.0,1702021505.0,105338074.7,1702021469.0,1702022093.0,1702022011.0,1702022035.0,96757704.0,1702022093.0,1702022098.0,5.0,,547.0,624.0,5.0,34.0,2862781034.0,24.0,2285045729.0,poseidon,condorpool,poseidon-worker-1-container-20-23,bwa,/opt/software/install/bwa/0.7.17/bwa,,277.9,0,0,9.7,2490114570.0,2285068977.0,153207.0,558238.0,270.6,7.4,2567128.4,9521120.7
bwa_ID0000315,None,compute,0,1702020917.0,,,1702020922.0,1702021471.0,1702021492.0,98205889.3,1702021469.0,1702021822.0,1702021612.0,1702021811.0,4597306.0,1702021822.0,1702021827.0,5.0,,547.0,353.0,5.0,21.0,1370986186.0,199.0,916454123.0,poseidon,condorpool,poseidon-worker-1-container-44-47,bwa,/opt/software/install/bwa/0.7.17/bwa,,123.6,0,0,2.2,998056176.0,916464134.0,61063.0,223901.0,120.5,3.1,4752648.5,10182934.8
bwa_ID0000249,None,compute,0,1702020917.0,,,1702020923.0,1702021545.0,1702021686.0,15498400.7,1702021543.0,1702022343.0,1702022259.0,1702022297.0,23829651.0,1702022343.0,1702022348.0,6.0,,620.0,800.0,5.0,141.0,1370986186.0,38.0,916454123.0,poseidon,condorpool,poseidon-worker-2-container-4-7,bwa,/opt/software/install/bwa/0.7.17/bwa,,121.9,0,0,1.2,998330479.0,916464134.0,62161.0,223901.0,119.0,3.0,1062053.7,3984626.7
bwa_ID0000068,None,compute,0,1702020917.0,,,1702020923.0,1702021509.0,1702021997.0,5908761.6,1702021507.0,1702022373.0,1702022305.0,1702022334.0,77366548.0,1702022373.0,1702022378.0,6.0,,584.0,866.0,5.0,488.0,2862781034.0,29.0,2285045728.0,poseidon,condorpool,poseidon-worker-1-container-8-11,bwa,/opt/software/install/bwa/0.7.17/bwa,,281.5,0,0,7.2,2489974231.0,2285068976.0,152622.0,558238.0,273.9,7.6,4446382.6,10881280.8
bwa_ID0000244,hdd_10,compute,0,1702020917.0,,,1702020923.0,1702021543.0,1702021787.0,15060774.9,1702021541.0,1702022463.0,1702022424.0,1702022452.0,79233136.0,1702022463.0,1702022468.0,6.0,,618.0,922.0,5.0,244.0,2862781034.0,28.0,2285045729.0,poseidon,condorpool,poseidon-worker-2-container-0-3,bwa,/opt/software/install/bwa/0.7.17/bwa,,269.3,0,0,48.0,2489971674.0,2285068976.0,152617.0,558238.0,264.1,5.3,4446378.0,10386677.2
bwa_ID0000227,None,compute,0,1702020917.0,,,1702020922.0,1702020939.0,1702020971.0,116307371.5,1702020937.0,1702021495.0,1702021468.0,1702021488.0,44103965.0,1702021495.0,1702021500.0,5.0,,15.0,558.0,5.0,32.0,1370986186.0,20.0,916454123.0,poseidon,condorpool,poseidon-worker-2-container-44-47,bwa,/opt/software/install/bwa/0.7.17/bwa,,128.4,0,0,2.5,998212645.0,916464133.0,61738.0,223901.0,125.5,3.0,1426018.1,11455801.7
bwa_ID0000002,None,compute,0,1702020917.0,,,1702020923.0,1702021537.0,1702021800.0,11452337.9,1702021535.0,1702022418.0,1702022340.0,1702022409.0,32986003.0,1702022418.0,1702022423.0,6.0,,612.0,883.0,5.0,263.0,2862781034.0,69.0,2285045728.0,poseidon,condorpool,poseidon-worker-2-container-20-23,bwa,/opt/software/install/bwa/0.7.17/bwa,,262.9,0,0,1.0,2490052837.0,2285068981.0,152916.0,558238.0,257.7,5.1,3364936.3,11425344.9
bwa_ID0000233,hdd_10,compute,0,1702020917.0,,,1702020922.0,1702020939.0,1702021120.0,16495272.2,1702020937.0,1702021541.0,1702021474.0,1702021534.0,38152000.0,1702021541.0,1702021547.0,5.0,,15.0,604.0,6.0,181.0,2862781034.0,60.0,2285045729.0,poseidon,condorpool,poseidon-worker-2-container-0-3,bwa,/opt/software/install/bwa/0.7.17/bwa,,289.9,0,0,253.4,2489989198.0,2285068975.0,152733.0,558238.0,282.7,7.2,3716401.8,13441582.2
bwa_ID0000238,None,compute,0,1702020917.0,,,1702020922.0,1702020939.0,1702021114.0,8178475.0,1702020938.0,1702021495.0,1702021468.0,1702021489.0,43313020.0,1702021495.0,1702021500.0,5.0,,16.0,557.0,5.0,175.0,1370986186.0,21.0,916454123.0,poseidon,condorpool,poseidon-worker-2-container-8-11,bwa,/opt/software/install/bwa/0.7.17/bwa,,130.8,0,0,2.7,998200776.0,916464133.0,61702.0,223901.0,127.8,3.1,1467942.3,11455801.7
bwa_ID0000211,None,compute,0,1702020917.0,,,1702020922.0,1702020939.0,1702021121.0,16435217.0,1702020937.0,1702021536.0,1702021474.0,1702021529.0,41685865.0,1702021536.0,1702021541.0,5.0,,15.0,599.0,5.0,182.0,2862781034.0,55.0,2285045729.0,poseidon,condorpool,poseidon-worker-2-container-40-43,bwa,/opt/software/install/bwa/0.7.17/bwa,,287.9,0,0,0.3,2489993604.0,2285068975.0,152739.0,558238.0,279.8,8.1,3716408.4,13441582.2
bwa_ID0000216,None,compute,0,1702020917.0,,,1702020922.0,1702020940.0,1702020971.0,115438576.3,1702020938.0,1702021500.0,1702021468.0,1702021494.0,34785998.0,1702021500.0,1702021505.0,5.0,,16.0,562.0,5.0,31.0,1370986186.0,26.0,916454123.0,poseidon,condorpool,poseidon-worker-2-container-24-27,bwa,/opt/software/install/bwa/0.7.17/bwa,,129.4,0,0,4.3,998207529.0,916464134.0,61720.0,223901.0,125.6,3.8,1446677.6,11455801.7
bwa_ID0000079,None,compute,0,1702020917.0,,,1702020922.0,1702020940.0,1702021118.0,17837759.7,1702020938.0,1702021547.0,1702021474.0,1702021536.0,36795220.0,1702021547.0,1702021552.0,5.0,,16.0,609.0,5.0,178.0,2862781034.0,62.0,2285045728.0,poseidon,condorpool,poseidon-worker-2-container-4-7,bwa,/opt/software/install/bwa/0.7.17/bwa,,286.0,0,0,0.5,2489992755.0,2285068974.0,152748.0,558238.0,279.1,6.9,3661754.1,14281681.1
bwa_ID0000084,None,compute,0,1702020917.0,,,1702020922.0,1702020982.0,1702021145.0,115262411.0,1702020980.0,1702021469.0,1702021451.0,1702021463.0,80404339.0,1702021469.0,1702021474.0,5.0,,58.0,489.0,5.0,163.0,1370986186.0,12.0,916454122.0,poseidon,condorpool,poseidon-worker-1-container-44-47,bwa,/opt/software/install/bwa/0.7.17/bwa,,137.6,0,0,6.0,998168603.0,916464132.0,61567.0,223901.0,134.2,3.5,1691811.2,9164641.3
bwa_ID0000200,None,compute,0,1702020917.0,,,1702020923.0,1702021502.0,1702021542.0,87485125.9,1702021500.0,1702022343.0,1702022254.0,1702022297.0,52860775.0,1702022343.0,1702022348.0,6.0,,577.0,843.0,5.0,40.0,2862781034.0,43.0,2285045729.0,poseidon,condorpool,poseidon-worker-2-container-24-27,bwa,/opt/software/install/bwa/0.7.17/bwa,,273.2,0,0,18.8,2490222865.0,2285068979.0,153600.0,558238.0,266.6,6.8,2075185.7,9935082.5
bwa_ID0000205,None,compute,0,1702020917.0,,,1702020923.0,1702021508.0,1702021531.0,94179604.1,1702021506.0,1702022148.0,1702022128.0,1702022140.0,72747683.0,1702022148.0,1702022153.0,6.0,,583.0,642.0,5.0,23.0,1370986186.0,12.0,916454123.0,poseidon,condorpool,poseidon-worker-2-container-28-31,bwa,/opt/software/install/bwa/0.7.17/bwa,,124.5,0,0,2.9,998127287.0,916464136.0,61402.0,223901.0,119.6,4.9,2079431.8,11455801.7
bwa_ID0000057,None,compute,0,1702020917.0,,,1702020923.0,1702021999.0,1702022040.0,85680674.1,1702021997.0,1702022343.0,1702022305.0,1702022334.0,77564111.0,1702022343.0,1702022348.0,6.0,,1074.0,346.0,5.0,41.0,2862781034.0,29.0,2285045728.0,poseidon,condorpool,poseidon-worker-1-container-40-43,bwa,/opt/software/install/bwa/0.7.17/bwa,,279.1,0,0,0.3,2489925821.0,2285068976.0,152415.0,558238.0,271.9,7.3,6072989.8,12026678.8
bwa_ID0000062,None,compute,0,1702020917.0,,,1702020923.0,1702022041.0,1702022181.0,19580364.2,1702022039.0,1702022338.0,1702022298.0,1702022310.0,72232055.0,1702022338.0,1702022343.0,6.0,,1116.0,299.0,5.0,140.0,1370986186.0,12.0,916454122.0,poseidon,condorpool,poseidon-worker-1-container-16-19,bwa,/opt/software/install/bwa/0.7.17/bwa,,123.8,0,0,1.6,998060231.0,916464134.0,61072.0,223901.0,120.0,3.9,4752667.8,9164641.3
bwa_ID0000156,None,compute,0,1702020917.0,,,1702020922.0,1702020982.0,1702021154.0,138696988.0,1702020980.0,1702021510.0,1702021458.0,1702021504.0,50089989.0,1702021510.0,1702021515.0,5.0,,58.0,530.0,5.0,172.0,2862781034.0,46.0,2285045729.0,poseidon,condorpool,poseidon-worker-1-container-40-43,bwa,/opt/software/install/bwa/0.7.17/bwa,,278.0,0,0,0.6,2489955896.0,2285068975.0,152589.0,558238.0,272.5,5.5,4368343.7,12694827.6
bwa_ID0000161,None,compute,0,1702020917.0,,,1702020922.0,1702020982.0,1702021145.0,114471983.3,1702020980.0,1702021474.0,1702021451.0,1702021464.0,75814038.0,1702021474.0,1702021480.0,5.0,,58.0,494.0,6.0,163.0,1370986186.0,13.0,916454123.0,poseidon,condorpool,poseidon-worker-1-container-4-7,bwa,/opt/software/install/bwa/0.7.17/bwa,,137.9,0,0,8.9,998166711.0,916464133.0,61564.0,223901.0,134.4,3.5,1691808.0,11455801.7
bwa_ID0000007,None,compute,0,1702020917.0,,,1702020923.0,1702021538.0,1702021683.0,10405793.2,1702021536.0,1702022303.0,1702022210.0,1702022264.0,16973812.0,1702022303.0,1702022308.0,6.0,,613.0,767.0,5.0,145.0,1370986186.0,54.0,916454122.0,poseidon,condorpool,poseidon-worker-2-container-40-43,bwa,/opt/software/install/bwa/0.7.17/bwa,,121.9,0,0,16.5,998270023.0,916464132.0,61897.0,223901.0,119.2,2.8,1331026.7,9164641.3
bwa_ID0000299,None,compute,0,1702020917.0,,,1702020922.0,1702021473.0,1702021499.0,154701765.3,1702021471.0,1702022043.0,1702021996.0,1702022033.0,62193615.0,1702022043.0,1702022048.0,5.0,,549.0,572.0,5.0,26.0,2862781034.0,37.0,2285045729.0,poseidon,condorpool,poseidon-worker-1-container-16-19,bwa,/opt/software/install/bwa/0.7.17/bwa,,278.3,0,0,4.8,2490008806.0,2285068977.0,152799.0,558238.0,270.4,8.0,3507054.7,12026678.8
bwa_ID0000304,None,compute,0,1702020917.0,,,1702020922.0,1702021482.0,1702021508.0,74989285.4,1702021481.0,1702021802.0,1702021781.0,1702021793.0,73736870.0,1702021802.0,1702021807.0,5.0,,559.0,321.0,5.0,26.0,1370986186.0,12.0,916454123.0,poseidon,condorpool,poseidon-worker-2-container-32-35,bwa,/opt/software/install/bwa/0.7.17/bwa,,119.9,0,0,3.8,998068178.0,916464135.0,61171.0,223901.0,116.9,3.1,3024449.0,8331492.1
bwa_ID0000277,None,compute,0,1702020917.0,,,1702020922.0,1702020942.0,1702021144.0,14691647.4,1702020940.0,1702021526.0,1702021458.0,1702021515.0,40012445.0,1702021526.0,1702021531.0,5.0,,18.0,586.0,5.0,202.0,2862781034.0,57.0,2285045729.0,poseidon,condorpool,poseidon-worker-1-container-24-27,bwa,/opt/software/install/bwa/0.7.17/bwa,,290.9,0,0,0.2,2489962383.0,2285068975.0,152619.0,558238.0,283.6,7.4,4220275.2,12026678.8
bwa_ID0000282,None,compute,0,1702020917.0,,,1702020922.0,1702020942.0,1702020990.0,114363726.2,1702020940.0,1702021474.0,1702021451.0,1702021464.0,75565549.0,1702021474.0,1702021480.0,5.0,,18.0,534.0,6.0,48.0,1370986186.0,13.0,916454123.0,poseidon,condorpool,poseidon-worker-1-container-28-31,bwa,/opt/software/install/bwa/0.7.17/bwa,,134.8,0,0,2.8,998173560.0,916464133.0,61594.0,223901.0,131.2,3.6,1636350.1,11455801.7
bwa_ID0000255,None,compute,0,1702020917.0,,,1702020922.0,1702021137.0,1702021163.0,157048428.6,1702021135.0,1702021541.0,1702021474.0,1702021534.0,38505760.0,1702021541.0,1702021547.0,5.0,,213.0,406.0,6.0,26.0,2862781034.0,60.0,2285045729.0,poseidon,condorpool,poseidon-worker-2-container-16-19,bwa,/opt/software/install/bwa/0.7.17/bwa,,265.8,0,0,0.6,2489961080.0,2285068975.0,152613.0,558238.0,259.4,6.4,4220273.0,15233793.2
bwa_ID0000260,None,compute,0,1702020917.0,,,1702020922.0,1702021470.0,1702021493.0,94477102.7,1702021469.0,1702021872.0,1702021812.0,1702021862.0,18175200.0,1702021872.0,1702021877.0,5.0,,547.0,403.0,5.0,23.0,1370986186.0,50.0,916454123.0,poseidon,condorpool,poseidon-worker-1-container-36-39,bwa,/opt/software/install/bwa/0.7.17/bwa,,124.6,0,0,4.2,998023184.0,916464134.0,60991.0,223901.0,121.0,3.6,4752491.4,11455801.7
bwa_ID0000128,None,compute,0,1702020917.0,,,1702020922.0,1702020942.0,1702020990.0,110235070.5,1702020940.0,1702021474.0,1702021451.0,1702021465.0,69735579.0,1702021474.0,1702021480.0,5.0,,18.0,534.0,6.0,48.0,1370986186.0,14.0,916454123.0,poseidon,condorpool,poseidon-worker-1-container-16-19,bwa,/opt/software/install/bwa/0.7.17/bwa,,135.4,0,0,0.4,998174940.0,916464134.0,61597.0,223901.0,132.0,3.4,1636352.4,11455801.7
bwa_ID0000035,None,compute,0,1702020917.0,,,1702020923.0,1702021512.0,1702021612.0,30391670.9,1702021510.0,1702022088.0,1702022011.0,1702022040.0,79067586.0,1702022088.0,1702022093.0,6.0,,587.0,578.0,5.0,100.0,2862781034.0,29.0,2285045728.0,poseidon,condorpool,poseidon-worker-1-container-32-35,bwa,/opt/software/install/bwa/0.7.17/bwa,,268.2,0,0,6.8,2490055459.0,2285068977.0,152928.0,558238.0,260.9,7.4,3320073.9,13441582.2
bwa_ID0000040,None,compute,0,1702020917.0,,,1702020923.0,1702021519.0,1702021552.0,116764610.8,1702021518.0,1702022168.0,1702022087.0,1702022157.0,12988016.0,1702022168.0,1702022173.0,6.0,,595.0,650.0,5.0,33.0,1370986186.0,70.0,916454122.0,poseidon,condorpool,poseidon-worker-1-container-12-15,bwa,/opt/software/install/bwa/0.7.17/bwa,,122.8,0,0,1.2,998249689.0,916464133.0,61894.0,223901.0,119.3,3.5,1232407.0,4165746.1
bwa_ID0000123,None,compute,0,1702020917.0,,,1702020922.0,1702020942.0,1702021140.0,17356543.6,1702020940.0,1702021510.0,1702021458.0,1702021500.0,53908185.0,1702021510.0,1702021515.0,5.0,,18.0,570.0,5.0,198.0,2862781034.0,42.0,2285045729.0,poseidon,condorpool,poseidon-worker-1-container-8-11,bwa,/opt/software/install/bwa/0.7.17/bwa,,287.1,0,0,0.7,2489964467.0,2285068975.0,152631.0,558238.0,281.0,6.1,4149940.8,12026678.8
bwa_ID0000139,None,compute,0,1702020923.0,,,1702020928.0,1702022136.0,1702022257.0,13109308.6,1702022134.0,1702022433.0,1702022414.0,1702022425.0,80735534.0,1702022433.0,1702022438.0,5.0,,1206.0,299.0,5.0,121.0,1370986186.0,11.0,916454123.0,poseidon,condorpool,poseidon-worker-2-container-8-11,bwa,/opt/software/install/bwa/0.7.17/bwa,,120.1,0,0,0.5,998087299.0,916464134.0,61186.0,223901.0,116.0,4.1,3441680.3,10182934.8
register_condorpool_0_1,None,auxiliary,0,1702020923.0,,,1702020943.0,,,0.0,1702020943.0,1702020948.0,,,0.0,1702020948.0,1702020953.0,20.0,,0.0,5.0,5.0,,,,,poseidon,local,poseidon-submit,pegasus::rc-client,/mnt/poseidon-data/poseidon/pegasus-5.1.0panorama/bin/pegasus-rc-client,"-n pegasus::rc-client -N null -R local  -L variant-calling -T 2023-11-15T22:51:21+00:00 /home/poseidon/pegasus-5.1.0panorama/bin/pegasus-rc-client --prefix pegasus.catalog.replica.output --conf /mnt/poseidon-data/poseidon/workflows/variant-calling-pegasus-workflow/submit/poseidon/pegasus/variant-calling/run0335/pegasus.12663276954980669191.properties -v --meta /mnt/poseidon-data/poseidon/workflows/variant-calling-pegasus-workflow/submit/poseidon/pegasus/variant-calling/run0335/00/00/bwa_ID0000166.meta,/mnt/poseidon-data/poseidon/workflows/variant-calling-pegasus-workflow/submit/poseidon/pegasus/variant-calling/run0335/00/00/bwa_ID0000320.meta,/mnt/poseidon-data/poseidon/workflows/variant-calling-pegasus-workflow/submit/poseidon/pegasus/variant-calling/run0335/00/00/bwa_ID0000265.meta,/mnt/poseidon-data/poseidon/workflows/variant-calling-pegasus-workflow/submit/poseidon/pegasus/variant-calling/run0335/00/00/bwa_ID0000254.meta,/mnt/poseidon-data/poseidon/workflows/variant-calling-pegasus-workflow/submit/poseidon/pegasus/variant-calling/run0335/00/00/bwa_ID0000144.meta,/mnt/poseidon-data/poseidon/workflows/variant-calling-pegasus-workflow/submit/poseidon/pegasus/variant-calling/run0335/00/00/bwa_ID0000078.meta,/mnt/poseidon-data/poseidon/workflows/variant-calling-pegasus-workflow/submit/poseidon/pegasus/variant-calling/run0335/00/00/bwa_ID0000287.meta,/mnt/poseidon-data/poseidon/workflows/variant-calling-pegasus-workflow/submit/poseidon/pegasus/variant-calling/run0335/00/00/bwa_ID0000298.meta,/mnt/poseidon-data/poseidon/workflows/variant-calling-pegasus-workflow/submit/poseidon/pegasus/variant-calling/run0335/00/00/bwa_ID0000012.meta,/mnt/poseidon-data/poseidon/workflows/variant-calling-pegasus-workflow/submit/poseidon/pegasus/variant-calling/run0335/00/00/bwa_ID0000199.meta,/mnt/poseidon-data/poseidon/workflows/variant-calling-pegasus-workflow/submit/poseidon/pegasus/variant-calling/run0335/00/00/bwa_ID0000210.meta,/mnt/poseidon-data/poseidon/workflows/variant-calling-pegasus-workflow/submit/poseidon/pegasus/variant-calling/run0335/00/00/bwa_ID0000309.meta,/mnt/poseidon-data/poseidon/workflows/variant-calling-pegasus-workflow/submit/poseidon/pegasus/variant-calling/run0335/00/00/bwa_ID0000023.meta,/mnt/poseidon-data/poseidon/workflows/variant-calling-pegasus-workflow/submit/poseidon/pegasus/variant-calling/run0335/00/00/bwa_ID0000276.meta,/mnt/poseidon-data/poseidon/workflows/variant-calling-pegasus-workflow/submit/poseidon/pegasus/variant-calling/run0335/00/00/bwa_ID0000243.meta,/mnt/poseidon-data/poseidon/workflows/variant-calling-pegasus-workflow/submit/poseidon/pegasus/variant-calling/run0335/00/00/bwa_ID0000133.meta,/mnt/poseidon-data/poseidon/workflows/variant-calling-pegasus-workflow/submit/poseidon/pegasus/variant-calling/run0335/00/00/bwa_ID0000188.meta,/mnt/poseidon-data/poseidon/workflows/variant-calling-pegasus-workflow/submit/poseidon/pegasus/variant-calling/run0335/00/00/bwa_ID0000001.meta,/mnt/poseidon-data/poseidon/workflows/variant-calling-pegasus-workflow/submit/poseidon/pegasus/variant-calling/run0335/00/00/bwa_ID0000045.meta,/mnt/poseidon-data/poseidon/workflows/variant-calling-pegasus-workflow/submit/poseidon/pegasus/variant-calling/run0335/00/00/bwa_ID0000056.meta,/mnt/poseidon-data/poseidon/workflows/variant-calling-pegasus-workflow/submit/poseidon/pegasus/variant-calling/run0335/00/00/bwa_ID0000111.meta,/mnt/poseidon-data/poseidon/workflows/variant-calling-pegasus-workflow/submit/poseidon/pegasus/variant-calling/run0335/00/00/bwa_ID0000177.meta,/mnt/poseidon-data/poseidon/workflows/variant-calling-pegasus-workflow/submit/poseidon/pegasus/variant-calling/run0335/00/00/bwa_ID0000155.meta,/mnt/poseidon-data/poseidon/workflows/variant-calling-pegasus-workflow/submit/poseidon/pegasus/variant-calling/run0335/00/00/bwa_ID0000089.meta,/mnt/poseidon-data/poseidon/workflows/variant-calling-pegasus-workflow/submit/poseidon/pegasus/variant-calling/run0335/00/00/bwa_ID0000034.meta,/mnt/poseidon-data/poseidon/workflows/variant-calling-pegasus-workflow/submit/poseidon/pegasus/variant-calling/run0335/00/00/bwa_ID0000232.meta,/mnt/poseidon-data/poseidon/workflows/variant-calling-pegasus-workflow/submit/poseidon/pegasus/variant-calling/run0335/00/00/bwa_ID0000100.meta,/mnt/poseidon-data/poseidon/workflows/variant-calling-pegasus-workflow/submit/poseidon/pegasus/variant-calling/run0335/00/00/bwa_ID0000221.meta,/mnt/poseidon-data/poseidon/workflows/variant-calling-pegasus-workflow/submit/poseidon/pegasus/variant-calling/run0335/00/00/bwa_ID0000067.meta,/mnt/poseidon-data/poseidon/workflows/variant-calling-pegasus-workflow/submit/poseidon/pegasus/variant-calling/run0335/00/00/bwa_ID0000122.meta --insert /mnt/poseidon-data/poseidon/workflows/variant-calling-pegasus-workflow/submit/poseidon/pegasus/variant-calling/run0335/00/00/register_condorpool_0_1.in",3.0,0,0,,,,,,,,,
register_condorpool_0_2,None,auxiliary,0,1702020923.0,,,1702020953.0,,,0.0,1702020953.0,1702020958.0,,,0.0,1702020958.0,1702020963.0,30.0,,0.0,5.0,5.0,,,,,poseidon,local,poseidon-submit,pegasus::rc-client,/mnt/poseidon-data/poseidon/pegasus-5.1.0panorama/bin/pegasus-rc-client,"-n pegasus::rc-client -N null -R local  -L variant-calling -T 2023-11-15T22:51:21+00:00 /home/poseidon/pegasus-5.1.0panorama/bin/pegasus-rc-client --prefix pegasus.catalog.replica.output --conf /mnt/poseidon-data/poseidon/workflows/variant-calling-pegasus-workflow/submit/poseidon/pegasus/variant-calling/run0335/pegasus.12663276954980669191.properties -v --meta /mnt/poseidon-data/poseidon/workflows/variant-calling-pegasus-workflow/submit/poseidon/pegasus/variant-calling/run0335/00/00/bwa_ID0000166.meta,/mnt/poseidon-data/poseidon/workflows/variant-calling-pegasus-workflow/submit/poseidon/pegasus/variant-calling/run0335/00/00/bwa_ID0000320.meta,/mnt/poseidon-data/poseidon/workflows/variant-calling-pegasus-workflow/submit/poseidon/pegasus/variant-calling/run0335/00/00/bwa_ID0000265.meta,/mnt/poseidon-data/poseidon/workflows/variant-calling-pegasus-workflow/submit/poseidon/pegasus/variant-calling/run0335/00/00/bwa_ID0000254.meta,/mnt/poseidon-data/poseidon/workflows/variant-calling-pegasus-workflow/submit/poseidon/pegasus/variant-calling/run0335/00/00/bwa_ID0000144.meta,/mnt/poseidon-data/poseidon/workflows/variant-calling-pegasus-workflow/submit/poseidon/pegasus/variant-calling/run0335/00/00/bwa_ID0000078.meta,/mnt/poseidon-data/poseidon/workflows/variant-calling-pegasus-workflow/submit/poseidon/pegasus/variant-calling/run0335/00/00/bwa_ID0000287.meta,/mnt/poseidon-data/poseidon/workflows/variant-calling-pegasus-workflow/submit/poseidon/pegasus/variant-calling/run0335/00/00/bwa_ID0000298.meta,/mnt/poseidon-data/poseidon/workflows/variant-calling-pegasus-workflow/submit/poseidon/pegasus/variant-calling/run0335/00/00/bwa_ID0000012.meta,/mnt/poseidon-data/poseidon/workflows/variant-calling-pegasus-workflow/submit/poseidon/pegasus/variant-calling/run0335/00/00/bwa_ID0000199.meta,/mnt/poseidon-data/poseidon/workflows/variant-calling-pegasus-workflow/submit/poseidon/pegasus/variant-calling/run0335/00/00/bwa_ID0000210.meta,/mnt/poseidon-data/poseidon/workflows/variant-calling-pegasus-workflow/submit/poseidon/pegasus/variant-calling/run0335/00/00/bwa_ID0000309.meta,/mnt/poseidon-data/poseidon/workflows/variant-calling-pegasus-workflow/submit/poseidon/pegasus/variant-calling/run0335/00/00/bwa_ID0000023.meta,/mnt/poseidon-data/poseidon/workflows/variant-calling-pegasus-workflow/submit/poseidon/pegasus/variant-calling/run0335/00/00/bwa_ID0000276.meta,/mnt/poseidon-data/poseidon/workflows/variant-calling-pegasus-workflow/submit/poseidon/pegasus/variant-calling/run0335/00/00/bwa_ID0000243.meta,/mnt/poseidon-data/poseidon/workflows/variant-calling-pegasus-workflow/submit/poseidon/pegasus/variant-calling/run0335/00/00/bwa_ID0000133.meta,/mnt/poseidon-data/poseidon/workflows/variant-calling-pegasus-workflow/submit/poseidon/pegasus/variant-calling/run0335/00/00/bwa_ID0000188.meta,/mnt/poseidon-data/poseidon/workflows/variant-calling-pegasus-workflow/submit/poseidon/pegasus/variant-calling/run0335/00/00/bwa_ID0000001.meta,/mnt/poseidon-data/poseidon/workflows/variant-calling-pegasus-workflow/submit/poseidon/pegasus/variant-calling/run0335/00/00/bwa_ID0000045.meta,/mnt/poseidon-data/poseidon/workflows/variant-calling-pegasus-workflow/submit/poseidon/pegasus/variant-calling/run0335/00/00/bwa_ID0000056.meta,/mnt/poseidon-data/poseidon/workflows/variant-calling-pegasus-workflow/submit/poseidon/pegasus/variant-calling/run0335/00/00/bwa_ID0000111.meta,/mnt/poseidon-data/poseidon/workflows/variant-calling-pegasus-workflow/submit/poseidon/pegasus/variant-calling/run0335/00/00/bwa_ID0000177.meta,/mnt/poseidon-data/poseidon/workflows/variant-calling-pegasus-workflow/submit/poseidon/pegasus/variant-calling/run0335/00/00/bwa_ID0000155.meta,/mnt/poseidon-data/poseidon/workflows/variant-calling-pegasus-workflow/submit/poseidon/pegasus/variant-calling/run0335/00/00/bwa_ID0000089.meta,/mnt/poseidon-data/poseidon/workflows/variant-calling-pegasus-workflow/submit/poseidon/pegasus/variant-calling/run0335/00/00/bwa_ID0000034.meta,/mnt/poseidon-data/poseidon/workflows/variant-calling-pegasus-workflow/submit/poseidon/pegasus/variant-calling/run0335/00/00/bwa_ID0000232.meta,/mnt/poseidon-data/poseidon/workflows/variant-calling-pegasus-workflow/submit/poseidon/pegasus/variant-calling/run0335/00/00/bwa_ID0000100.meta,/mnt/poseidon-data/poseidon/workflows/variant-calling-pegasus-workflow/submit/poseidon/pegasus/variant-calling/run0335/00/00/bwa_ID0000221.meta,/mnt/poseidon-data/poseidon/workflows/variant-calling-pegasus-workflow/submit/poseidon/pegasus/variant-calling/run0335/00/00/bwa_ID0000067.meta,/mnt/poseidon-data/poseidon/workflows/variant-calling-pegasus-workflow/submit/poseidon/pegasus/variant-calling/run0335/00/00/bwa_ID0000122.meta --insert /mnt/poseidon-data/poseidon/workflows/variant-calling-pegasus-workflow/submit/poseidon/pegasus/variant-calling/run0335/00/00/register_condorpool_0_2.in",3.0,0,0,,,,,,,,,
bwa_ID0000183,None,compute,0,1702020923.0,,,1702020928.0,1702022342.0,1702022426.0,17545746.1,1702022340.0,1702022518.0,1702022498.0,1702022509.0,80661133.0,1702022518.0,1702022523.0,5.0,,1412.0,178.0,5.0,84.0,1370986186.0,11.0,916454123.0,poseidon,condorpool,poseidon-worker-2-container-16-19,bwa,/opt/software/install/bwa/0.7.17/bwa,,118.9,0,0,2.9,998022273.0,916464134.0,60928.0,223901.0,116.3,2.6,8316852.3,10182934.8
bwa_ID0000134,None,compute,0,1702020923.0,,,1702020928.0,1702022090.0,1702022234.0,23309996.2,1702022088.0,1702022548.0,1702022383.0,1702022537.0,14881267.0,1702022548.0,1702022553.0,5.0,,1160.0,460.0,5.0,144.0,2862781034.0,154.0,2285045729.0,poseidon,condorpool,poseidon-worker-1-container-20-23,bwa,/opt/software/install/bwa/0.7.17/bwa,,267.7,0,0,0.0,2489869775.0,2274544335.0,152189.0,555668.0,261.8,5.9,9576422.2,12636357.4
bwa_ID0000178,None,compute,0,1702020923.0,,,1702020928.0,1702022342.0,1702022433.0,33648666.4,1702022340.0,1702022603.0,1702022569.0,1702022596.0,87164806.0,1702022603.0,1702022608.0,5.0,,1412.0,263.0,5.0,91.0,2862781034.0,27.0,2285045729.0,poseidon,condorpool,poseidon-worker-2-container-40-43,bwa,/opt/software/install/bwa/0.7.17/bwa,,267.9,0,0,0.0,2489862583.0,2145850504.0,152153.0,524224.0,253.7,6.3,10825489.5,10729252.5
register_condorpool_0_0,None,auxiliary,0,1702020923.0,,,1702020928.0,,,0.0,1702020933.0,1702020938.0,,,0.0,1702020938.0,1702020943.0,5.0,,5.0,5.0,5.0,,,,,poseidon,local,poseidon-submit,pegasus::rc-client,/mnt/poseidon-data/poseidon/pegasus-5.1.0panorama/bin/pegasus-rc-client,"-n pegasus::rc-client -N null -R local  -L variant-calling -T 2023-11-15T22:51:21+00:00 /home/poseidon/pegasus-5.1.0panorama/bin/pegasus-rc-client --prefix pegasus.catalog.replica.output --conf /mnt/poseidon-data/poseidon/workflows/variant-calling-pegasus-workflow/submit/poseidon/pegasus/variant-calling/run0335/pegasus.12663276954980669191.properties -v --meta /mnt/poseidon-data/poseidon/workflows/variant-calling-pegasus-workflow/submit/poseidon/pegasus/variant-calling/run0335/00/00/bwa_ID0000166.meta,/mnt/poseidon-data/poseidon/workflows/variant-calling-pegasus-workflow/submit/poseidon/pegasus/variant-calling/run0335/00/00/bwa_ID0000320.meta,/mnt/poseidon-data/poseidon/workflows/variant-calling-pegasus-workflow/submit/poseidon/pegasus/variant-calling/run0335/00/00/bwa_ID0000265.meta,/mnt/poseidon-data/poseidon/workflows/variant-calling-pegasus-workflow/submit/poseidon/pegasus/variant-calling/run0335/00/00/bwa_ID0000254.meta,/mnt/poseidon-data/poseidon/workflows/variant-calling-pegasus-workflow/submit/poseidon/pegasus/variant-calling/run0335/00/00/bwa_ID0000144.meta,/mnt/poseidon-data/poseidon/workflows/variant-calling-pegasus-workflow/submit/poseidon/pegasus/variant-calling/run0335/00/00/bwa_ID0000078.meta,/mnt/poseidon-data/poseidon/workflows/variant-calling-pegasus-workflow/submit/poseidon/pegasus/variant-calling/run0335/00/00/bwa_ID0000287.meta,/mnt/poseidon-data/poseidon/workflows/variant-calling-pegasus-workflow/submit/poseidon/pegasus/variant-calling/run0335/00/00/bwa_ID0000298.meta,/mnt/poseidon-data/poseidon/workflows/variant-calling-pegasus-workflow/submit/poseidon/pegasus/variant-calling/run0335/00/00/bwa_ID0000012.meta,/mnt/poseidon-data/poseidon/workflows/variant-calling-pegasus-workflow/submit/poseidon/pegasus/variant-calling/run0335/00/00/bwa_ID0000199.meta,/mnt/poseidon-data/poseidon/workflows/variant-calling-pegasus-workflow/submit/poseidon/pegasus/variant-calling/run0335/00/00/bwa_ID0000210.meta,/mnt/poseidon-data/poseidon/workflows/variant-calling-pegasus-workflow/submit/poseidon/pegasus/variant-calling/run0335/00/00/bwa_ID0000309.meta,/mnt/poseidon-data/poseidon/workflows/variant-calling-pegasus-workflow/submit/poseidon/pegasus/variant-calling/run0335/00/00/bwa_ID0000023.meta,/mnt/poseidon-data/poseidon/workflows/variant-calling-pegasus-workflow/submit/poseidon/pegasus/variant-calling/run0335/00/00/bwa_ID0000276.meta,/mnt/poseidon-data/poseidon/workflows/variant-calling-pegasus-workflow/submit/poseidon/pegasus/variant-calling/run0335/00/00/bwa_ID0000243.meta,/mnt/poseidon-data/poseidon/workflows/variant-calling-pegasus-workflow/submit/poseidon/pegasus/variant-calling/run0335/00/00/bwa_ID0000133.meta,/mnt/poseidon-data/poseidon/workflows/variant-calling-pegasus-workflow/submit/poseidon/pegasus/variant-calling/run0335/00/00/bwa_ID0000188.meta,/mnt/poseidon-data/poseidon/workflows/variant-calling-pegasus-workflow/submit/poseidon/pegasus/variant-calling/run0335/00/00/bwa_ID0000001.meta,/mnt/poseidon-data/poseidon/workflows/variant-calling-pegasus-workflow/submit/poseidon/pegasus/variant-calling/run0335/00/00/bwa_ID0000045.meta,/mnt/poseidon-data/poseidon/workflows/variant-calling-pegasus-workflow/submit/poseidon/pegasus/variant-calling/run0335/00/00/bwa_ID0000056.meta,/mnt/poseidon-data/poseidon/workflows/variant-calling-pegasus-workflow/submit/poseidon/pegasus/variant-calling/run0335/00/00/bwa_ID0000111.meta,/mnt/poseidon-data/poseidon/workflows/variant-calling-pegasus-workflow/submit/poseidon/pegasus/variant-calling/run0335/00/00/bwa_ID0000177.meta,/mnt/poseidon-data/poseidon/workflows/variant-calling-pegasus-workflow/submit/poseidon/pegasus/variant-calling/run0335/00/00/bwa_ID0000155.meta,/mnt/poseidon-data/poseidon/workflows/variant-calling-pegasus-workflow/submit/poseidon/pegasus/variant-calling/run0335/00/00/bwa_ID0000089.meta,/mnt/poseidon-data/poseidon/workflows/variant-calling-pegasus-workflow/submit/poseidon/pegasus/variant-calling/run0335/00/00/bwa_ID0000034.meta,/mnt/poseidon-data/poseidon/workflows/variant-calling-pegasus-workflow/submit/poseidon/pegasus/variant-calling/run0335/00/00/bwa_ID0000232.meta,/mnt/poseidon-data/poseidon/workflows/variant-calling-pegasus-workflow/submit/poseidon/pegasus/variant-calling/run0335/00/00/bwa_ID0000100.meta,/mnt/poseidon-data/poseidon/workflows/variant-calling-pegasus-workflow/submit/poseidon/pegasus/variant-calling/run0335/00/00/bwa_ID0000221.meta,/mnt/poseidon-data/poseidon/workflows/variant-calling-pegasus-workflow/submit/poseidon/pegasus/variant-calling/run0335/00/00/bwa_ID0000067.meta,/mnt/poseidon-data/poseidon/workflows/variant-calling-pegasus-workflow/submit/poseidon/pegasus/variant-calling/run0335/00/00/bwa_ID0000122.meta --insert /mnt/poseidon-data/poseidon/workflows/variant-calling-pegasus-workflow/submit/poseidon/pegasus/variant-calling/run0335/00/00/register_condorpool_0_0.in",3.2,0,0,,,,,,,,,
samtools_ID0000019,None,compute,0,1702021144.0,,,1702021149.0,1702021162.0,1702021193.0,63839186.0,1702021158.0,1702021612.0,1702021500.0,1702021549.0,10432188.0,1702021612.0,1702021617.0,5.0,,9.0,454.0,5.0,31.0,1284963413.0,49.0,512510932.0,poseidon,condorpool,poseidon-worker-1-container-44-47,samtools,/srv/samtools,,91.2,0,0,0.2,2974990501.0,1491810347.0,540518.0,63330.0,83.9,2.0,5042356.8,7851633.4
samtools_ID0000085,None,compute,0,1702021474.0,,,1702021480.0,1702021482.0,1702021501.0,113915810.0,1702021480.0,1702022348.0,1702022297.0,1702022340.0,12098507.0,1702022348.0,1702022353.0,6.0,,0.0,868.0,5.0,19.0,1284963413.0,43.0,512510933.0,poseidon,condorpool,poseidon-worker-2-container-44-47,samtools,/srv/samtools,,96.3,0,0,0.6,2379558955.0,1058113301.0,493915.0,43022.0,90.5,2.9,1597019.4,3778976.1
samtools_ID0000096,None,compute,0,1702021474.0,,,1702021480.0,1702021482.0,1702021500.0,122561304.3,1702021480.0,1702022163.0,1702022136.0,1702022145.0,57754044.0,1702022163.0,1702022168.0,6.0,,0.0,683.0,5.0,18.0,1284963413.0,9.0,512510933.0,poseidon,condorpool,poseidon-worker-2-container-36-39,samtools,/srv/samtools,,94.0,0,0,0.3,3045049739.0,1484081217.0,535593.0,63400.0,86.9,3.1,2436039.8,6183671.7
samtools_ID0000272,None,compute,0,1702021474.0,,,1702021480.0,1702021482.0,1702021500.0,127320738.3,1702021480.0,1702022348.0,1702022297.0,1702022340.0,12103883.0,1702022348.0,1702022353.0,6.0,,0.0,868.0,5.0,18.0,1284963414.0,43.0,512510935.0,poseidon,condorpool,poseidon-worker-2-container-40-43,samtools,/srv/samtools,,97.4,0,0,2.4,3136738738.0,1514316190.0,558414.0,64481.0,93.8,3.8,2091159.2,5824293.0
samtools_ID0000129,None,compute,0,1702021480.0,,,1702021485.0,1702021502.0,1702021607.0,12765413.2,1702021501.0,1702022313.0,1702022299.0,1702022307.0,62051374.0,1702022313.0,1702022318.0,5.0,,16.0,812.0,5.0,105.0,1284963414.0,8.0,512510935.0,poseidon,condorpool,poseidon-worker-1-container-20-23,samtools,/srv/samtools,,94.7,0,0,7.8,3054331820.0,1514301486.0,549802.0,64477.0,90.8,3.0,2245832.2,5408219.6
samtools_ID0000283,None,compute,0,1702021480.0,,,1702021485.0,1702021503.0,1702021552.0,29944851.7,1702021501.0,1702022338.0,1702022299.0,1702022312.0,39128262.0,1702022338.0,1702022343.0,5.0,,16.0,837.0,5.0,49.0,1284963414.0,13.0,512510935.0,poseidon,condorpool,poseidon-worker-1-container-32-35,samtools,/srv/samtools,,97.5,0,0,4.8,2983526356.0,1514301488.0,542587.0,64477.0,90.9,4.6,2177756.5,4884843.5
samtools_ID0000162,None,compute,0,1702021480.0,,,1702021485.0,1702021504.0,1702021551.0,32992244.5,1702021501.0,1702022313.0,1702022296.0,1702022304.0,59904533.0,1702022313.0,1702022318.0,5.0,,16.0,812.0,5.0,47.0,1284963414.0,8.0,512510935.0,poseidon,condorpool,poseidon-worker-1-container-36-39,samtools,/srv/samtools,,94.5,0,0,0.7,3136668920.0,1514316192.0,558171.0,64481.0,92.2,2.4,2306374.2,5408272.1
samtools_ID0000118,None,compute,0,1702021490.0,,,1702021495.0,1702021502.0,1702021560.0,25301420.4,1702021501.0,1702022443.0,1702022426.0,1702022437.0,48999921.0,1702022443.0,1702022448.0,5.0,,6.0,942.0,5.0,58.0,1284963414.0,11.0,512510935.0,poseidon,condorpool,poseidon-worker-2-container-24-27,samtools,/srv/samtools,,95.1,0,0,2.0,3047524532.0,1498303704.0,549894.0,63661.0,88.9,2.8,1892872.4,4161954.7
samtools_ID0000239,None,compute,0,1702021500.0,,,1702021505.0,1702021523.0,1702021613.0,15007422.1,1702021521.0,1702022413.0,1702022340.0,1702022353.0,40153860.0,1702022413.0,1702022418.0,5.0,,16.0,892.0,5.0,90.0,1284963414.0,13.0,512510935.0,poseidon,condorpool,poseidon-worker-2-container-12-15,samtools,/srv/samtools,,93.8,0,0,2.8,3079062634.0,1514301488.0,552040.0,64477.0,90.8,2.4,2503303.0,5608524.0
samtools_ID0000228,None,compute,0,1702021500.0,,,1702021505.0,1702021523.0,1702021812.0,5579313.8,1702021521.0,1702022318.0,1702022299.0,1702022308.0,58329314.0,1702022318.0,1702022323.0,5.0,,16.0,797.0,5.0,289.0,1284963414.0,9.0,512510935.0,poseidon,condorpool,poseidon-worker-1-container-40-43,samtools,/srv/samtools,,92.9,0,0,0.9,2379210830.0,1058113309.0,492598.0,43022.0,87.6,2.4,2766524.2,3778976.1
samtools_ID0000217,None,compute,0,1702021505.0,,,1702021510.0,1702021523.0,1702021615.0,14926034.2,1702021521.0,1702022448.0,1702022426.0,1702022439.0,39821803.0,1702022448.0,1702022453.0,5.0,,11.0,927.0,5.0,92.0,1284963414.0,13.0,512510936.0,poseidon,condorpool,poseidon-worker-2-container-16-19,samtools,/srv/samtools,,96.9,0,0,1.3,2899114942.0,1488008984.0,534630.0,63137.0,85.7,3.6,1972187.0,4251454.2
samtools_ID0000091,None,compute,0,1702021515.0,,,1702021520.0,1702021525.0,1702021789.0,10059539.9,1702021521.0,1702022558.0,1702022538.0,1702022552.0,86316312.0,1702022558.0,1702022563.0,5.0,,1.0,1037.0,5.0,264.0,2653555019.0,14.0,1215346881.0,poseidon,condorpool,poseidon-worker-2-container-32-35,samtools,/srv/samtools,,222.7,0,0,1.4,7391191364.0,3375626519.0,1359657.0,150417.0,216.7,5.4,5062459.8,6137502.8
samtools_ID0000157,None,compute,0,1702021515.0,,,1702021520.0,1702021542.0,1702021996.0,6733403.4,1702021522.0,1702022864.0,1702022833.0,1702022852.0,61805935.0,1702022864.0,1702022869.0,5.0,,2.0,1342.0,5.0,454.0,2653555020.0,19.0,1215346884.0,poseidon,condorpool,poseidon-worker-1-container-4-7,samtools,/srv/samtools,,227.5,0,0,3.0,7060180996.0,3347758532.0,1312147.0,149390.0,212.7,6.2,4496930.6,6199552.8
samtools_ID0000052,hdd_10,compute,0,1702021515.0,,,1702021520.0,1702021523.0,1702021620.0,14502497.1,1702021521.0,1702022313.0,1702022296.0,1702022305.0,54611337.0,1702022313.0,1702022318.0,5.0,,1.0,792.0,5.0,97.0,1284963413.0,9.0,512510933.0,poseidon,condorpool,poseidon-worker-1-container-0-3,samtools,/srv/samtools,,95.1,0,0,36.8,3136444477.0,1514316181.0,557319.0,64481.0,92.8,2.4,3301520.5,5608578.4
samtools_ID0000124,None,compute,0,1702021515.0,,,1702021520.0,1702021523.0,1702021784.0,10457998.2,1702021521.0,1702022603.0,1702022581.0,1702022596.0,81424719.0,1702022603.0,1702022608.0,5.0,,1.0,1082.0,5.0,261.0,2653555020.0,15.0,1215346884.0,poseidon,condorpool,poseidon-worker-2-container-20-23,samtools,/srv/samtools,,223.5,0,0,1.3,7290182997.0,3369494599.0,1346309.0,150194.0,214.9,5.8,4703343.9,5434668.7
samtools_ID0000223,None,compute,0,1702021526.0,,,1702021531.0,1702021545.0,1702021798.0,13278739.0,1702021542.0,1702022588.0,1702022558.0,1702022580.0,57152607.0,1702022588.0,1702022593.0,5.0,,11.0,1046.0,5.0,253.0,2653555020.0,22.0,1215346884.0,poseidon,condorpool,poseidon-worker-2-container-28-31,samtools,/srv/samtools,,220.3,0,0,0.5,7375522537.0,3351160688.0,1347193.0,149522.0,212.3,4.7,5996359.8,6322944.7
samtools_ID0000278,None,compute,0,1702021531.0,,,1702021536.0,1702021544.0,1702022087.0,5331584.3,1702021543.0,1702023019.0,1702022992.0,1702023007.0,82523707.0,1702023019.0,1702023024.0,5.0,,7.0,1476.0,5.0,543.0,2653555020.0,15.0,1215346884.0,poseidon,condorpool,poseidon-worker-1-container-24-27,samtools,/srv/samtools,,227.1,0,0,1.4,7431029686.0,3353810489.0,1364803.0,149240.0,217.1,6.7,4503654.4,5005687.3
samtools_ID0000267,None,compute,0,1702021541.0,,,1702021547.0,1702021610.0,1702022012.0,12842664.6,1702021608.0,1702022969.0,1702022941.0,1702022955.0,88317247.0,1702022969.0,1702022974.0,6.0,,61.0,1361.0,5.0,402.0,2653555020.0,14.0,1215346884.0,poseidon,condorpool,poseidon-worker-1-container-28-31,samtools,/srv/samtools,,226.0,0,0,1.4,7444332492.0,3373113240.0,1365148.0,150329.0,219.9,6.0,4090292.6,5189405.0
samtools_ID0000212,None,compute,0,1702021541.0,,,1702021547.0,1702021610.0,1702022158.0,5003637.9,1702021608.0,1702022994.0,1702022968.0,1702022986.0,70024107.0,1702022994.0,1702022999.0,6.0,,61.0,1386.0,5.0,548.0,2653555020.0,18.0,1215346884.0,poseidon,condorpool,poseidon-worker-1-container-8-11,samtools,/srv/samtools,,227.2,0,0,1.9,7238630727.0,3375626530.0,1343257.0,150417.0,217.4,7.1,4670084.3,5626044.2
samtools_ID0000047,None,compute,0,1702021541.0,,,1702021547.0,1702021610.0,1702021998.0,13715334.0,1702021608.0,1702022859.0,1702022833.0,1702022851.0,65447446.0,1702022859.0,1702022864.0,6.0,,61.0,1251.0,5.0,388.0,2653555019.0,18.0,1215346882.0,poseidon,condorpool,poseidon-worker-1-container-16-19,samtools,/srv/samtools,,229.1,0,0,2.1,7096110562.0,3353036035.0,1318345.0,149589.0,213.5,8.2,4519815.6,5781096.6
samtools_ID0000014,None,compute,0,1702021547.0,,,1702021552.0,1702021610.0,1702021797.0,22756142.2,1702021562.0,1702022603.0,1702022574.0,1702022591.0,70519240.0,1702022603.0,1702022608.0,5.0,,10.0,1041.0,5.0,187.0,2653555019.0,17.0,1215346881.0,poseidon,condorpool,poseidon-worker-2-container-8-11,samtools,/srv/samtools,,221.7,0,0,1.0,7432404778.0,3369346456.0,1361150.0,150192.0,215.8,5.2,5898734.0,6126084.5
samtools_ID0000234,hdd_10,compute,0,1702021547.0,,,1702021552.0,1702021610.0,1702021933.0,11936653.9,1702021562.0,1702022658.0,1702022636.0,1702022650.0,90409552.0,1702022658.0,1702022663.0,5.0,,10.0,1096.0,5.0,323.0,2653555020.0,14.0,1215346884.0,poseidon,condorpool,poseidon-worker-2-container-0-3,samtools,/srv/samtools,,220.6,0,0,5.7,7273356704.0,3375626530.0,1345905.0,150417.0,213.2,5.0,7273356.7,5820045.7
samtools_ID0000256,None,compute,0,1702021547.0,,,1702021552.0,1702021612.0,1702022028.0,12021505.6,1702021608.0,1702022989.0,1702022968.0,1702022983.0,82360921.0,1702022989.0,1702022994.0,5.0,,56.0,1381.0,5.0,416.0,2653555020.0,15.0,1215346885.0,poseidon,condorpool,poseidon-worker-1-container-12-15,samtools,/srv/samtools,,226.4,0,0,60.6,7126071165.0,3375626536.0,1331604.0,150417.0,216.6,5.5,3894028.0,4561657.5
samtools_ID0000080,None,compute,0,1702021552.0,,,1702021557.0,1702021610.0,1702021931.0,10339978.3,1702021562.0,1702022653.0,1702022629.0,1702022643.0,90128195.0,1702022653.0,1702022658.0,5.0,,5.0,1091.0,5.0,321.0,2653555019.0,14.0,1215346882.0,poseidon,condorpool,poseidon-worker-2-container-4-7,samtools,/srv/samtools,,223.2,0,0,21.2,7439639855.0,3363224010.0,1364210.0,149745.0,215.4,5.8,7514787.7,5605373.3
samtools_ID0000113,None,compute,0,1702021557.0,,,1702021562.0,1702021611.0,1702022026.0,11989942.7,1702021608.0,1702022969.0,1702022941.0,1702022955.0,86937223.0,1702022969.0,1702022974.0,5.0,,46.0,1361.0,5.0,415.0,2653555020.0,14.0,1215346884.0,poseidon,condorpool,poseidon-worker-1-container-44-47,samtools,/srv/samtools,,225.3,0,0,2.1,7420922674.0,3365574454.0,1359411.0,150049.0,218.3,5.7,4145766.9,5342181.7
bcftools_ID0000020,None,compute,0,1702021617.0,,,1702021622.0,1702021930.0,1702022134.0,70928564.4,1702021799.0,1702022453.0,1702022438.0,1702022444.0,25107219.0,1702022453.0,1702022458.0,5.0,,177.0,654.0,5.0,204.0,584745096.0,6.0,143883727.0,poseidon,condorpool,poseidon-worker-2-container-32-35,bcftools,/opt/software/install/bcftools/1.15.1/bin/bcftools,,69.8,0,0,0.5,221339390.0,143883855.0,22935.0,11599.0,68.6,1.3,375151.5,685161.2
samtools_ID0000305,None,compute,0,1702021807.0,,,1702021812.0,1702022162.0,1702022415.0,5234888.3,1702022161.0,1702022548.0,1702022533.0,1702022541.0,68325219.0,1702022548.0,1702022553.0,5.0,,349.0,387.0,5.0,253.0,1284963414.0,8.0,512510936.0,poseidon,condorpool,poseidon-worker-2-container-36-39,samtools,/srv/samtools,,93.8,0,0,0.2,2912510724.0,1480740824.0,530905.0,62862.0,83.5,2.6,13869098.7,7051146.8
samtools_ID0000316,None,compute,0,1702021827.0,,,1702021832.0,1702022255.0,1702022419.0,9609460.4,1702022164.0,1702022598.0,1702022580.0,1702022589.0,58591689.0,1702022598.0,1702022603.0,5.0,,332.0,434.0,5.0,164.0,1284963414.0,9.0,512510935.0,poseidon,condorpool,poseidon-worker-2-container-36-39,samtools,/srv/samtools,,92.6,0,0,2.1,2975136410.0,1498106465.0,539939.0,63651.0,85.9,2.1,10259091.1,5761947.9
samtools_ID0000261,None,compute,0,1702021877.0,,,1702021882.0,1702022255.0,1702022417.0,7850470.4,1702022164.0,1702022588.0,1702022570.0,1702022580.0,55205252.0,1702022588.0,1702022593.0,5.0,,282.0,424.0,5.0,162.0,1284963414.0,10.0,512510937.0,poseidon,condorpool,poseidon-worker-2-container-36-39,samtools,/srv/samtools,,93.6,0,0,0.9,3119780203.0,1500133852.0,554613.0,63757.0,88.7,2.6,11142072.2,5769745.6
samtools_ID0000030,None,compute,0,1702021877.0,,,1702021882.0,1702022255.0,1702022419.0,10024087.1,1702022164.0,1702022578.0,1702022558.0,1702022570.0,43712167.0,1702022578.0,1702022583.0,5.0,,282.0,414.0,5.0,164.0,1284963413.0,12.0,512510933.0,poseidon,condorpool,poseidon-worker-2-container-28-31,samtools,/srv/samtools,,94.3,0,0,1.0,2378945167.0,1058113301.0,491479.0,43022.0,88.8,2.5,9515780.7,5038634.8
samtools_ID0000074,None,compute,0,1702022002.0,,,1702022007.0,1702022255.0,1702022415.0,10181583.5,1702022164.0,1702022548.0,1702022533.0,1702022540.0,68412297.0,1702022548.0,1702022553.0,5.0,,157.0,384.0,5.0,160.0,1284963413.0,7.0,512510933.0,poseidon,condorpool,poseidon-worker-2-container-28-31,samtools,/srv/samtools,,93.7,0,0,0.6,2855516864.0,1467931864.0,520699.0,62367.0,81.5,2.3,13597699.4,6990151.7
samtools_ID0000300,None,compute,0,1702022048.0,,,1702022053.0,1702022256.0,1702022447.0,17362820.5,1702022164.0,1702022753.0,1702022730.0,1702022744.0,90668704.0,1702022753.0,1702022758.0,5.0,,111.0,589.0,5.0,191.0,2653555020.0,14.0,1215346884.0,poseidon,condorpool,poseidon-worker-2-container-36-39,samtools,/srv/samtools,,220.2,0,0,1.0,7309736294.0,3349154879.0,1349486.0,148984.0,209.0,5.3,13791955.3,6440682.5
samtools_ID0000025,None,compute,0,1702022093.0,,,1702022098.0,1702022256.0,1702022433.0,18756523.4,1702022164.0,1702022718.0,1702022696.0,1702022709.0,90830773.0,1702022718.0,1702022723.0,5.0,,66.0,554.0,5.0,177.0,2653555019.0,13.0,1215346880.0,poseidon,condorpool,poseidon-worker-2-container-28-31,samtools,/srv/samtools,,221.3,0,0,1.1,7349786075.0,3347726709.0,1351609.0,149001.0,210.8,5.3,14999563.4,6974430.6
samtools_ID0000036,None,compute,0,1702022093.0,,,1702022098.0,1702022186.0,1702022382.0,16422681.4,1702022184.0,1702023054.0,1702023016.0,1702023041.0,47763795.0,1702023054.0,1702023059.0,5.0,,86.0,870.0,5.0,196.0,2653555019.0,25.0,1215346882.0,poseidon,condorpool,poseidon-worker-1-container-12-15,samtools,/srv/samtools,,221.0,0,0,0.5,7395864267.0,3375626525.0,1359383.0,150417.0,215.3,5.0,7546800.3,6137502.8
samtools_ID0000311,None,compute,0,1702022098.0,,,1702022103.0,1702022187.0,1702022541.0,8201328.1,1702022184.0,1702023054.0,1702023016.0,1702023041.0,48031155.0,1702023054.0,1702023059.0,5.0,,81.0,870.0,5.0,354.0,2653555020.0,25.0,1215346883.0,poseidon,condorpool,poseidon-worker-1-container-12-15,samtools,/srv/samtools,,221.7,0,0,0.7,7409136286.0,3375626532.0,1360622.0,150417.0,215.3,5.9,8419473.1,6491589.5
samtools_ID0000107,None,compute,0,1702022138.0,,,1702022143.0,1702022241.0,1702022375.0,10141780.0,1702022238.0,1702022934.0,1702022909.0,1702022925.0,31886088.0,1702022934.0,1702022939.0,5.0,,95.0,696.0,5.0,134.0,1284963413.0,16.0,512510933.0,poseidon,condorpool,poseidon-worker-1-container-44-47,samtools,/srv/samtools,,96.1,0,0,2.5,3128455431.0,1507269092.0,556936.0,64120.0,91.9,3.3,3008130.2,5197479.6
samtools_ID0000173,None,compute,0,1702022153.0,,,1702022158.0,1702022240.0,1702022376.0,10058176.8,1702022239.0,1702022934.0,1702022909.0,1702022925.0,31888057.0,1702022934.0,1702022939.0,5.0,,81.0,695.0,5.0,136.0,1284963414.0,16.0,512510936.0,poseidon,condorpool,poseidon-worker-1-container-44-47,samtools,/srv/samtools,,94.5,0,0,3.3,3126435137.0,1505517662.0,556772.0,64031.0,90.9,2.3,3006187.6,5376848.8
samtools_ID0000206,None,compute,0,1702022153.0,,,1702022158.0,1702022294.0,1702022373.0,17070394.6,1702022239.0,1702022934.0,1702022909.0,1702022925.0,33349666.0,1702022934.0,1702022939.0,5.0,,81.0,695.0,5.0,79.0,1284963414.0,16.0,512510935.0,poseidon,condorpool,poseidon-worker-1-container-44-47,samtools,/srv/samtools,,96.3,0,0,2.6,3113494088.0,1494336336.0,555616.0,63462.0,90.0,3.2,2993744.3,5152883.9
bcftools_ID0000097,None,compute,0,1702022168.0,,,1702022173.0,1702022186.0,1702022231.0,71428220.3,1702022184.0,1702022833.0,1702022800.0,1702022805.0,29879257.0,1702022833.0,1702022838.0,5.0,,11.0,649.0,5.0,45.0,584745096.0,5.0,143883727.0,poseidon,condorpool,poseidon-worker-1-container-12-15,bcftools,/opt/software/install/bcftools/1.15.1/bin/bcftools,,69.3,0,0,7.0,221610140.0,143883855.0,23886.0,11599.0,69.0,0.5,197866.2,625582.0
samtools_ID0000041,None,compute,0,1702022173.0,,,1702022178.0,1702022313.0,1702022499.0,8713283.7,1702022311.0,1702022934.0,1702022909.0,1702022921.0,43743175.0,1702022934.0,1702022939.0,5.0,,133.0,623.0,5.0,186.0,1284963413.0,12.0,512510933.0,poseidon,condorpool,poseidon-worker-1-container-36-39,samtools,/srv/samtools,,94.1,0,0,2.9,3118594132.0,1498952946.0,555312.0,63697.0,89.4,2.4,4272046.8,5353403.4
register_condorpool_1_1,None,auxiliary,0,1702022173.0,,,1702022178.0,,,0.0,1702022179.0,1702022183.0,,,0.0,1702022183.0,1702022188.0,5.0,,1.0,4.0,5.0,,,,,poseidon,local,poseidon-submit,pegasus::rc-client,/mnt/poseidon-data/poseidon/pegasus-5.1.0panorama/bin/pegasus-rc-client,"-n pegasus::rc-client -N null -R local  -L variant-calling -T 2023-11-15T22:51:21+00:00 /home/poseidon/pegasus-5.1.0panorama/bin/pegasus-rc-client --prefix pegasus.catalog.replica.output --conf /mnt/poseidon-data/poseidon/workflows/variant-calling-pegasus-workflow/submit/poseidon/pegasus/variant-calling/run0335/pegasus.12663276954980669191.properties -v --meta /mnt/poseidon-data/poseidon/workflows/variant-calling-pegasus-workflow/submit/poseidon/pegasus/variant-calling/run0335/00/01/bwa_ID0000018.meta,/mnt/poseidon-data/poseidon/workflows/variant-calling-pegasus-workflow/submit/poseidon/pegasus/variant-calling/run0335/00/01/bwa_ID0000106.meta,/mnt/poseidon-data/poseidon/workflows/variant-calling-pegasus-workflow/submit/poseidon/pegasus/variant-calling/run0335/00/00/bwa_ID0000117.meta,/mnt/poseidon-data/poseidon/workflows/variant-calling-pegasus-workflow/submit/poseidon/pegasus/variant-calling/run0335/00/01/bwa_ID0000040.meta,/mnt/poseidon-data/poseidon/workflows/variant-calling-pegasus-workflow/submit/poseidon/pegasus/variant-calling/run0335/00/01/bwa_ID0000051.meta,/mnt/poseidon-data/poseidon/workflows/variant-calling-pegasus-workflow/submit/poseidon/pegasus/variant-calling/run0335/00/01/bwa_ID0000315.meta,/mnt/poseidon-data/poseidon/workflows/variant-calling-pegasus-workflow/submit/poseidon/pegasus/variant-calling/run0335/00/01/bwa_ID0000029.meta,/mnt/poseidon-data/poseidon/workflows/variant-calling-pegasus-workflow/submit/poseidon/pegasus/variant-calling/run0335/00/00/bwa_ID0000128.meta,/mnt/poseidon-data/poseidon/workflows/variant-calling-pegasus-workflow/submit/poseidon/pegasus/variant-calling/run0335/00/01/bwa_ID0000090.meta,/mnt/poseidon-data/poseidon/workflows/variant-calling-pegasus-workflow/submit/poseidon/pegasus/variant-calling/run0335/00/01/bwa_ID0000304.meta --insert /mnt/poseidon-data/poseidon/workflows/variant-calling-pegasus-workflow/submit/poseidon/pegasus/variant-calling/run0335/00/01/register_condorpool_1_1.in",2.7,0,0,,,,,,,,,
samtools_ID0000195,hdd_10,compute,0,1702022233.0,,,1702022238.0,1702022314.0,1702022385.0,37232962.1,1702022312.0,1702022939.0,1702022921.0,1702022933.0,44241720.0,1702022939.0,1702022944.0,5.0,,74.0,627.0,5.0,71.0,1284963414.0,12.0,512510935.0,poseidon,condorpool,poseidon-worker-1-container-0-3,samtools,/srv/samtools,,95.8,0,0,139.7,3136356657.0,1514316192.0,557013.0,64481.0,93.1,2.8,3824825.2,4884890.9
samtools_ID0000151,None,compute,0,1702022308.0,,,1702022313.0,1702022334.0,1702022499.0,9668876.0,1702022314.0,1702022934.0,1702022909.0,1702022921.0,43074354.0,1702022934.0,1702022939.0,5.0,,1.0,620.0,5.0,165.0,1284963414.0,12.0,512510937.0,poseidon,condorpool,poseidon-worker-1-container-40-43,samtools,/srv/samtools,,94.0,0,0,0.8,3119230271.0,1499461863.0,555451.0,63723.0,89.4,2.3,4272918.2,5355220.9
samtools_ID0000008,None,compute,0,1702022308.0,,,1702022313.0,1702022334.0,1702022385.0,85635664.4,1702022314.0,1702022924.0,1702022904.0,1702022911.0,67533732.0,1702022924.0,1702022929.0,5.0,,1.0,610.0,5.0,51.0,1284963413.0,7.0,512510933.0,poseidon,condorpool,poseidon-worker-1-container-20-23,samtools,/srv/samtools,,95.6,0,0,1.0,3080264562.0,1507841065.0,551350.0,64146.0,90.9,3.1,3949057.1,5385146.7
samtools_ID0000327,None,compute,0,1702022318.0,,,1702022323.0,1702022340.0,1702022547.0,14565978.5,1702022338.0,1702022924.0,1702022905.0,1702022912.0,67926124.0,1702022924.0,1702022929.0,5.0,,15.0,586.0,5.0,207.0,1284963414.0,7.0,512510936.0,poseidon,condorpool,poseidon-worker-1-container-16-19,samtools,/srv/samtools,,93.6,0,0,0.6,3127523056.0,1506638504.0,556137.0,64088.0,90.3,2.2,4532642.1,5580142.6
bcftools_ID0000053,None,compute,0,1702022318.0,,,1702022323.0,1702022340.0,1702022386.0,14970902.8,1702022338.0,1702022833.0,1702022799.0,1702022806.0,21085450.0,1702022833.0,1702022838.0,5.0,,15.0,495.0,5.0,46.0,584745096.0,7.0,143883726.0,poseidon,condorpool,poseidon-worker-1-container-28-31,bcftools,/opt/software/install/bcftools/1.15.1/bin/bcftools,,68.1,0,0,0.2,221406639.0,143883854.0,23088.0,11599.0,67.8,0.4,369011.1,799354.7
bcftools_ID0000163,None,compute,0,1702022318.0,,,1702022323.0,1702022337.0,1702022379.0,65711881.0,1702022335.0,1702022813.0,1702022799.0,1702022804.0,32033180.0,1702022813.0,1702022818.0,5.0,,12.0,478.0,5.0,42.0,584745097.0,5.0,143884014.0,poseidon,condorpool,poseidon-worker-1-container-32-35,bcftools,/opt/software/install/bcftools/1.15.1/bin/bcftools,,67.2,0,0,0.2,221403730.0,143884142.0,23232.0,11599.0,67.0,0.3,270004.5,757285.0
bcftools_ID0000130,None,compute,0,1702022318.0,,,1702022323.0,1702022371.0,1702022499.0,4429475.7,1702022339.0,1702022833.0,1702022799.0,1702022806.0,21072682.0,1702022833.0,1702022838.0,5.0,,16.0,494.0,5.0,128.0,584745097.0,7.0,143884014.0,poseidon,condorpool,poseidon-worker-1-container-28-31,bcftools,/opt/software/install/bcftools/1.15.1/bin/bcftools,,69.7,0,0,0.2,221393588.0,143884142.0,23046.0,11599.0,68.8,1.0,381713.1,799356.3
bcftools_ID0000229,None,compute,0,1702022323.0,,,1702022328.0,1702022372.0,1702022500.0,4494468.0,1702022339.0,1702022833.0,1702022799.0,1702022805.0,25689536.0,1702022833.0,1702022838.0,5.0,,11.0,494.0,5.0,128.0,584745097.0,6.0,143884014.0,poseidon,condorpool,poseidon-worker-1-container-16-19,bcftools,/opt/software/install/bcftools/1.15.1/bin/bcftools,,67.2,0,0,0.3,221371075.0,143884142.0,22956.0,11599.0,66.9,0.4,425713.6,899275.9
bcftools_ID0000284,None,compute,0,1702022343.0,,,1702022348.0,1702022350.0,1702022417.0,63687755.0,1702022349.0,1702022513.0,1702022499.0,1702022504.0,31828396.0,1702022513.0,1702022518.0,5.0,,1.0,164.0,5.0,67.0,584745097.0,5.0,143884014.0,poseidon,condorpool,poseidon-worker-2-container-44-47,bcftools,/opt/software/install/bcftools/1.15.1/bin/bcftools,,67.2,0,0,0.1,217598796.0,141499500.0,21895.0,11407.0,65.9,0.2,1450658.6,943330.0
samtools_ID0000063,None,compute,0,1702022343.0,,,1702022348.0,1702022350.0,1702022421.0,97517081.3,1702022349.0,1702022588.0,1702022568.0,1702022580.0,42781117.0,1702022588.0,1702022593.0,5.0,,1.0,239.0,5.0,71.0,1284963413.0,12.0,512510933.0,poseidon,condorpool,poseidon-worker-2-container-40-43,samtools,/srv/samtools,,93.7,0,0,0.6,2374336759.0,1054147022.0,490931.0,42819.0,87.3,2.8,9497347.0,4392279.3
samtools_ID0000102,None,compute,0,1702022348.0,,,1702022353.0,1702022412.0,1702022455.0,73517627.7,1702022410.0,1702022743.0,1702022720.0,1702022734.0,90012940.0,1702022743.0,1702022748.0,5.0,,57.0,333.0,5.0,43.0,2653555019.0,14.0,1215346882.0,poseidon,condorpool,poseidon-worker-2-container-44-47,samtools,/srv/samtools,,222.2,0,0,0.7,7187817583.0,3358361567.0,1331050.0,149678.0,210.2,6.2,14669015.5,6853799.1
samtools_ID0000250,None,compute,0,1702022348.0,,,1702022353.0,1702022412.0,1702022440.0,62511834.3,1702022410.0,1702022573.0,1702022558.0,1702022566.0,67804242.0,1702022573.0,1702022578.0,5.0,,57.0,163.0,5.0,28.0,1284963414.0,8.0,512510935.0,poseidon,condorpool,poseidon-worker-2-container-4-7,samtools,/srv/samtools,,93.5,0,0,0.2,2306407880.0,1034089194.0,473554.0,42166.0,84.9,2.3,10982894.7,4924234.3
samtools_ID0000201,None,compute,0,1702022348.0,,,1702022353.0,1702022385.0,1702022665.0,10938598.0,1702022383.0,1702023054.0,1702023016.0,1702023041.0,47975059.0,1702023054.0,1702023059.0,5.0,,30.0,671.0,5.0,280.0,2653555020.0,25.0,1215346884.0,poseidon,condorpool,poseidon-worker-1-container-36-39,samtools,/srv/samtools,,217.6,0,0,0.6,7298024348.0,3375626530.0,1347941.0,150417.0,210.2,5.3,11584165.6,6491589.5
register_condorpool_1_0,None,auxiliary,0,1702022348.0,,,1702022353.0,,,0.0,1702022353.0,1702022358.0,,,0.0,1702022358.0,1702022363.0,5.0,,0.0,5.0,5.0,,,,,poseidon,local,poseidon-submit,pegasus::rc-client,/mnt/poseidon-data/poseidon/pegasus-5.1.0panorama/bin/pegasus-rc-client,"-n pegasus::rc-client -N null -R local  -L variant-calling -T 2023-11-15T22:51:21+00:00 /home/poseidon/pegasus-5.1.0panorama/bin/pegasus-rc-client --prefix pegasus.catalog.replica.output --conf /mnt/poseidon-data/poseidon/workflows/variant-calling-pegasus-workflow/submit/poseidon/pegasus/variant-calling/run0335/pegasus.12663276954980669191.properties -v --meta /mnt/poseidon-data/poseidon/workflows/variant-calling-pegasus-workflow/submit/poseidon/pegasus/variant-calling/run0335/00/01/bwa_ID0000095.meta,/mnt/poseidon-data/poseidon/workflows/variant-calling-pegasus-workflow/submit/poseidon/pegasus/variant-calling/run0335/00/01/bwa_ID0000046.meta,/mnt/poseidon-data/poseidon/workflows/variant-calling-pegasus-workflow/submit/poseidon/pegasus/variant-calling/run0335/00/00/bwa_ID0000123.meta,/mnt/poseidon-data/poseidon/workflows/variant-calling-pegasus-workflow/submit/poseidon/pegasus/variant-calling/run0335/00/01/bwa_ID0000035.meta,/mnt/poseidon-data/poseidon/workflows/variant-calling-pegasus-workflow/submit/poseidon/pegasus/variant-calling/run0335/00/01/bwa_ID0000013.meta,/mnt/poseidon-data/poseidon/workflows/variant-calling-pegasus-workflow/submit/poseidon/pegasus/variant-calling/run0335/00/00/bwa_ID0000112.meta,/mnt/poseidon-data/poseidon/workflows/variant-calling-pegasus-workflow/submit/poseidon/pegasus/variant-calling/run0335/00/01/bwa_ID0000101.meta,/mnt/poseidon-data/poseidon/workflows/variant-calling-pegasus-workflow/submit/poseidon/pegasus/variant-calling/run0335/00/01/bwa_ID0000299.meta,/mnt/poseidon-data/poseidon/workflows/variant-calling-pegasus-workflow/submit/poseidon/pegasus/variant-calling/run0335/00/01/bwa_ID0000310.meta,/mnt/poseidon-data/poseidon/workflows/variant-calling-pegasus-workflow/submit/poseidon/pegasus/variant-calling/run0335/00/01/bwa_ID0000024.meta --insert /mnt/poseidon-data/poseidon/workflows/variant-calling-pegasus-workflow/submit/poseidon/pegasus/variant-calling/run0335/00/01/register_condorpool_1_0.in",2.7,0,0,,,,,,,,,
samtools_ID0000058,None,compute,0,1702022348.0,,,1702022353.0,1702022412.0,1702022460.0,64767836.7,1702022410.0,1702022738.0,1702022718.0,1702022732.0,90200394.0,1702022738.0,1702022743.0,5.0,,57.0,328.0,5.0,48.0,2653555019.0,14.0,1215346882.0,poseidon,condorpool,poseidon-worker-2-container-24-27,samtools,/srv/samtools,,220.2,0,0,1.0,7410109737.0,3354807761.0,1358368.0,149363.0,211.5,5.2,15437728.6,7293060.3
bcftools_ID0000086,None,compute,0,1702022353.0,,,1702022358.0,1702022374.0,1702022503.0,4187418.6,1702022372.0,1702022833.0,1702022799.0,1702022806.0,20959180.0,1702022833.0,1702022838.0,5.0,,14.0,461.0,5.0,129.0,584745096.0,7.0,143883727.0,poseidon,condorpool,poseidon-worker-1-container-28-31,bcftools,/opt/software/install/bcftools/1.15.1/bin/bcftools,,67.0,0,0,0.2,221376626.0,143883855.0,22968.0,11599.0,66.8,0.3,425724.3,899274.1
bcftools_ID0000273,None,compute,0,1702022353.0,,,1702022358.0,1702022374.0,1702022501.0,62776618.5,1702022372.0,1702022833.0,1702022799.0,1702022805.0,25646051.0,1702022833.0,1702022838.0,5.0,,14.0,461.0,5.0,127.0,584745097.0,6.0,143884017.0,poseidon,condorpool,poseidon-worker-1-container-16-19,bcftools,/opt/software/install/bcftools/1.15.1/bin/bcftools,,68.4,0,0,0.2,221373914.0,143884145.0,22962.0,11599.0,68.1,0.4,425719.1,899275.9
samtools_ID0000294,None,compute,0,1702022378.0,,,1702022383.0,1702022385.0,1702022628.0,6312294.9,1702022383.0,1702022939.0,1702022921.0,1702022933.0,44249203.0,1702022939.0,1702022944.0,5.0,,0.0,556.0,5.0,243.0,1284963414.0,12.0,512510935.0,poseidon,condorpool,poseidon-worker-1-container-40-43,samtools,/srv/samtools,,94.0,0,0,1.5,3054444072.0,1514301486.0,548273.0,64477.0,90.8,2.1,5656377.9,5824236.5
samtools_ID0000168,hdd_10,compute,0,1702022378.0,,,1702022383.0,1702022386.0,1702022638.0,12458749.5,1702022384.0,1702023155.0,1702023134.0,1702023147.0,91067759.0,1702023155.0,1702023160.0,5.0,,1.0,771.0,5.0,252.0,2653555020.0,13.0,1215346884.0,poseidon,condorpool,poseidon-worker-1-container-0-3,samtools,/srv/samtools,,219.7,0,0,0.8,7127108264.0,3374424353.0,1328845.0,150373.0,210.5,4.5,10964781.9,6025757.8
samtools_ID0000069,None,compute,0,1702022378.0,,,1702022383.0,1702022386.0,1702022670.0,9676672.8,1702022384.0,1702023019.0,1702022992.0,1702023007.0,82662769.0,1702023019.0,1702023024.0,5.0,,1.0,635.0,5.0,284.0,2653555019.0,15.0,1215346881.0,poseidon,condorpool,poseidon-worker-1-container-36-39,samtools,/srv/samtools,,218.2,0,0,0.4,7445493264.0,3369482155.0,1364086.0,150088.0,212.5,4.8,12205726.7,6126331.2
samtools_ID0000322,None,compute,0,1702022378.0,,,1702022383.0,1702022385.0,1702022652.0,11702871.6,1702022384.0,1702023029.0,1702023009.0,1702023023.0,85059778.0,1702023029.0,1702023034.0,5.0,,1.0,645.0,5.0,267.0,2653555020.0,14.0,1215346884.0,poseidon,condorpool,poseidon-worker-1-container-40-43,samtools,/srv/samtools,,219.2,0,0,1.7,7435207757.0,3375626534.0,1362997.0,150417.0,214.1,5.0,11265466.3,6618875.6
samtools_ID0000190,None,compute,0,1702022378.0,,,1702022383.0,1702022385.0,1702022640.0,12339639.5,1702022383.0,1702023019.0,1702022992.0,1702023007.0,81226986.0,1702023019.0,1702023024.0,5.0,,0.0,636.0,5.0,255.0,2653555020.0,15.0,1215346884.0,poseidon,condorpool,poseidon-worker-1-container-32-35,samtools,/srv/samtools,,218.7,0,0,1.9,7449411369.0,3373590645.0,1364495.0,150310.0,213.5,5.0,11118524.4,6365265.4
bcftools_ID0000240,None,compute,0,1702022418.0,,,1702022423.0,1702022425.0,1702022445.0,56875545.1,1702022424.0,1702022543.0,1702022529.0,1702022534.0,32969254.0,1702022543.0,1702022548.0,5.0,,1.0,119.0,5.0,20.0,584745097.0,5.0,143884016.0,poseidon,condorpool,poseidon-worker-2-container-12-15,bcftools,/opt/software/install/bcftools/1.15.1/bin/bcftools,,67.5,0,0,0.2,211333575.0,137452969.0,21196.0,11083.0,64.1,0.3,1408890.5,916353.1
samtools_ID0000003,None,compute,0,1702022423.0,,,1702022428.0,1702022500.0,1702022665.0,19972009.5,1702022498.0,1702023054.0,1702023016.0,1702023041.0,47832128.0,1702023054.0,1702023059.0,5.0,,70.0,556.0,5.0,165.0,2653555019.0,25.0,1215346881.0,poseidon,condorpool,poseidon-worker-1-container-36-39,samtools,/srv/samtools,,219.2,0,0,0.6,7292694924.0,3375626519.0,1347353.0,150417.0,211.6,5.4,11575706.2,6369106.6
samtools_ID0000146,None,compute,0,1702022423.0,,,1702022428.0,1702022445.0,1702022486.0,82138488.4,1702022443.0,1702022763.0,1702022740.0,1702022753.0,89980675.0,1702022763.0,1702022768.0,5.0,,15.0,320.0,5.0,41.0,2653555020.0,13.0,1215346886.0,poseidon,condorpool,poseidon-worker-2-container-24-27,samtools,/srv/samtools,,218.8,0,0,0.8,7218891117.0,3361161326.0,1334436.0,149825.0,209.6,4.4,15359342.8,7151407.1
samtools_ID0000140,None,compute,0,1702022438.0,,,1702022443.0,1702022449.0,1702022475.0,73384058.0,1702022446.0,1702022598.0,1702022584.0,1702022591.0,66175678.0,1702022598.0,1702022603.0,5.0,,3.0,152.0,5.0,26.0,1284963414.0,7.0,512510935.0,poseidon,condorpool,poseidon-worker-2-container-16-19,samtools,/srv/samtools,,93.3,0,0,0.3,3063876163.0,1483374173.0,540152.0,63201.0,86.1,2.5,16125664.0,7807232.5
register_condorpool_1_3,None,auxiliary,0,1702022438.0,,,1702022443.0,,,0.0,1702022449.0,1702022453.0,,,0.0,1702022453.0,1702022458.0,5.0,,6.0,4.0,5.0,,,,,poseidon,local,poseidon-submit,pegasus::rc-client,/mnt/poseidon-data/poseidon/pegasus-5.1.0panorama/bin/pegasus-rc-client,"-n pegasus::rc-client -N null -R local  -L variant-calling -T 2023-11-15T22:51:21+00:00 /home/poseidon/pegasus-5.1.0panorama/bin/pegasus-rc-client --prefix pegasus.catalog.replica.output --conf /mnt/poseidon-data/poseidon/workflows/variant-calling-pegasus-workflow/submit/poseidon/pegasus/variant-calling/run0335/pegasus.12663276954980669191.properties -v --meta /mnt/poseidon-data/poseidon/workflows/variant-calling-pegasus-workflow/submit/poseidon/pegasus/variant-calling/run0335/00/01/bwa_ID0000150.meta,/mnt/poseidon-data/poseidon/workflows/variant-calling-pegasus-workflow/submit/poseidon/pegasus/variant-calling/run0335/00/01/bwa_ID0000172.meta,/mnt/poseidon-data/poseidon/workflows/variant-calling-pegasus-workflow/submit/poseidon/pegasus/variant-calling/run0335/00/01/bwa_ID0000161.meta,/mnt/poseidon-data/poseidon/workflows/variant-calling-pegasus-workflow/submit/poseidon/pegasus/variant-calling/run0335/00/00/bwa_ID0000238.meta,/mnt/poseidon-data/poseidon/workflows/variant-calling-pegasus-workflow/submit/poseidon/pegasus/variant-calling/run0335/00/01/bwa_ID0000084.meta,/mnt/poseidon-data/poseidon/workflows/variant-calling-pegasus-workflow/submit/poseidon/pegasus/variant-calling/run0335/00/01/bwa_ID0000139.meta,/mnt/poseidon-data/poseidon/workflows/variant-calling-pegasus-workflow/submit/poseidon/pegasus/variant-calling/run0335/00/00/bwa_ID0000249.meta,/mnt/poseidon-data/poseidon/workflows/variant-calling-pegasus-workflow/submit/poseidon/pegasus/variant-calling/run0335/00/01/bwa_ID0000062.meta,/mnt/poseidon-data/poseidon/workflows/variant-calling-pegasus-workflow/submit/poseidon/pegasus/variant-calling/run0335/00/01/bwa_ID0000227.meta,/mnt/poseidon-data/poseidon/workflows/variant-calling-pegasus-workflow/submit/poseidon/pegasus/variant-calling/run0335/00/01/bwa_ID0000073.meta --insert /mnt/poseidon-data/poseidon/workflows/variant-calling-pegasus-workflow/submit/poseidon/pegasus/variant-calling/run0335/00/02/register_condorpool_1_3.in",2.7,0,0,,,,,,,,,
bcftools_ID0000119,None,compute,0,1702022448.0,,,1702022453.0,1702022466.0,1702022490.0,40462871.3,1702022464.0,1702022583.0,1702022569.0,1702022574.0,26227493.0,1702022583.0,1702022588.0,5.0,,11.0,119.0,5.0,24.0,584745097.0,5.0,143884014.0,poseidon,condorpool,poseidon-worker-2-container-44-47,bcftools,/opt/software/install/bcftools/1.15.1/bin/bcftools,,66.6,0,0,0.2,221233900.0,143884142.0,22398.0,11599.0,66.3,0.3,1580242.1,1027743.9
bcftools_ID0000218,None,compute,0,1702022453.0,,,1702022458.0,1702022466.0,1702022490.0,40812812.4,1702022464.0,1702022583.0,1702022569.0,1702022574.0,26359867.0,1702022583.0,1702022588.0,5.0,,6.0,119.0,5.0,24.0,584745097.0,5.0,143884014.0,poseidon,condorpool,poseidon-worker-2-container-44-47,bcftools,/opt/software/install/bcftools/1.15.1/bin/bcftools,,67.3,0,0,0.3,216869405.0,140957742.0,21947.0,11365.0,65.6,0.3,1549067.2,1006841.0
bcftools_ID0000021,None,compute,0,1702022458.0,,,1702022463.0,1702022500.0,1702022554.0,11458941.8,1702022498.0,1702022808.0,1702022799.0,1702022802.0,556.0,1702022808.0,1702022813.0,5.0,,35.0,310.0,5.0,54.0,512392655.0,3.0,1715.0,poseidon,condorpool,poseidon-worker-1-container-40-43,bcftools,/opt/software/install/bcftools/1.15.1/bin/bcftools,,3.4,0,0,0.0,144276652.0,1715.0,24197.0,1.0,3.4,0.1,424343.1,171.5
samtools_ID0000245,None,compute,0,1702022468.0,,,1702022473.0,1702022515.0,1702022551.0,101610024.4,1702022510.0,1702022828.0,1702022808.0,1702022821.0,90860173.0,1702022828.0,1702022833.0,5.0,,37.0,318.0,5.0,36.0,2653555020.0,13.0,1215346884.0,poseidon,condorpool,poseidon-worker-2-container-44-47,samtools,/srv/samtools,,221.2,0,0,1.0,7388258729.0,3355315516.0,1356439.0,149378.0,211.5,6.0,15392205.7,7138969.2
bcftools_ID0000285,None,compute,0,1702022518.0,,,1702022523.0,1702022525.0,1702022540.0,69471873.3,1702022523.0,1702022563.0,1702022553.0,1702022556.0,534.0,1702022563.0,1702022568.0,5.0,,0.0,40.0,5.0,15.0,512392942.0,3.0,1717.0,poseidon,condorpool,poseidon-worker-2-container-16-19,bcftools,/opt/software/install/bcftools/1.15.1/bin/bcftools,,3.4,0,0,0.0,144078551.0,1717.0,23539.0,1.0,3.4,0.0,14407855.1,171.7
register_condorpool_1_5,None,auxiliary,0,1702022523.0,,,1702022528.0,,,0.0,1702022528.0,1702022533.0,,,0.0,1702022533.0,1702022538.0,5.0,,0.0,5.0,5.0,,,,,poseidon,local,poseidon-submit,pegasus::rc-client,/mnt/poseidon-data/poseidon/pegasus-5.1.0panorama/bin/pegasus-rc-client,"-n pegasus::rc-client -N null -R local  -L variant-calling -T 2023-11-15T22:51:21+00:00 /home/poseidon/pegasus-5.1.0panorama/bin/pegasus-rc-client --prefix pegasus.catalog.replica.output --conf /mnt/poseidon-data/poseidon/workflows/variant-calling-pegasus-workflow/submit/poseidon/pegasus/variant-calling/run0335/pegasus.12663276954980669191.properties -v --meta /mnt/poseidon-data/poseidon/workflows/variant-calling-pegasus-workflow/submit/poseidon/pegasus/variant-calling/run0335/00/01/bwa_ID0000326.meta,/mnt/poseidon-data/poseidon/workflows/variant-calling-pegasus-workflow/submit/poseidon/pegasus/variant-calling/run0335/00/01/bwa_ID0000194.meta,/mnt/poseidon-data/poseidon/workflows/variant-calling-pegasus-workflow/submit/poseidon/pegasus/variant-calling/run0335/00/01/bwa_ID0000282.meta,/mnt/poseidon-data/poseidon/workflows/variant-calling-pegasus-workflow/submit/poseidon/pegasus/variant-calling/run0335/00/01/bwa_ID0000271.meta,/mnt/poseidon-data/poseidon/workflows/variant-calling-pegasus-workflow/submit/poseidon/pegasus/variant-calling/run0335/00/01/bwa_ID0000293.meta,/mnt/poseidon-data/poseidon/workflows/variant-calling-pegasus-workflow/submit/poseidon/pegasus/variant-calling/run0335/00/01/bwa_ID0000183.meta,/mnt/poseidon-data/poseidon/workflows/variant-calling-pegasus-workflow/submit/poseidon/pegasus/variant-calling/run0335/00/00/bwa_ID0000007.meta,/mnt/poseidon-data/poseidon/workflows/variant-calling-pegasus-workflow/submit/poseidon/pegasus/variant-calling/run0335/00/01/bwa_ID0000260.meta,/mnt/poseidon-data/poseidon/workflows/variant-calling-pegasus-workflow/submit/poseidon/pegasus/variant-calling/run0335/00/00/bwa_ID0000216.meta,/mnt/poseidon-data/poseidon/workflows/variant-calling-pegasus-workflow/submit/poseidon/pegasus/variant-calling/run0335/00/01/bwa_ID0000205.meta --insert /mnt/poseidon-data/poseidon/workflows/variant-calling-pegasus-workflow/submit/poseidon/pegasus/variant-calling/run0335/00/02/register_condorpool_1_5.in",2.8,0,0,,,,,,,,,
samtools_ID0000184,None,compute,0,1702022523.0,,,1702022528.0,1702022542.0,1702022563.0,91734667.2,1702022540.0,1702022698.0,1702022684.0,1702022692.0,66856054.0,1702022698.0,1702022703.0,5.0,,12.0,158.0,5.0,21.0,1284963414.0,8.0,512510935.0,poseidon,condorpool,poseidon-worker-2-container-12-15,samtools,/srv/samtools,,93.4,0,0,0.6,2970385007.0,1470394895.0,527066.0,62665.0,83.8,2.3,13501750.0,6683613.2
bcftools_ID0000241,None,compute,0,1702022548.0,,,1702022553.0,1702022556.0,1702022573.0,54625967.5,1702022554.0,1702022598.0,1702022584.0,1702022587.0,515.0,1702022598.0,1702022603.0,5.0,,1.0,44.0,5.0,17.0,512392944.0,3.0,1716.0,poseidon,condorpool,poseidon-worker-2-container-28-31,bcftools,/opt/software/install/bcftools/1.15.1/bin/bcftools,,3.4,0,0,,,,,,,,,
bcftools_ID0000306,None,compute,0,1702022553.0,,,1702022558.0,1702022561.0,1702022582.0,42092570.0,1702022559.0,1702022683.0,1702022668.0,1702022673.0,28274802.0,1702022683.0,1702022688.0,5.0,,1.0,124.0,5.0,21.0,584745098.0,5.0,143884017.0,poseidon,condorpool,poseidon-worker-2-container-36-39,bcftools,/opt/software/install/bcftools/1.15.1/bin/bcftools,,67.3,0,0,0.5,208483877.0,135506233.0,21044.0,10931.0,63.0,0.4,1389892.5,903374.9
bcftools_ID0000075,None,compute,0,1702022553.0,,,1702022558.0,1702022561.0,1702022582.0,42105340.0,1702022559.0,1702022678.0,1702022667.0,1702022672.0,30404044.0,1702022678.0,1702022683.0,5.0,,1.0,119.0,5.0,21.0,584745096.0,5.0,143883727.0,poseidon,condorpool,poseidon-worker-2-container-32-35,bcftools,/opt/software/install/bcftools/1.15.1/bin/bcftools,,67.1,0,0,0.5,209812556.0,136434957.0,21045.0,11004.0,63.2,0.4,1398750.4,909566.4
samtools_ID0000135,None,compute,0,1702022553.0,,,1702022558.0,1702022626.0,1702022661.0,96811708.6,1702022624.0,1702023034.0,1702023009.0,1702023024.0,79406068.0,1702023034.0,1702023039.0,5.0,,66.0,410.0,5.0,35.0,2653555020.0,15.0,1215346884.0,poseidon,condorpool,poseidon-worker-1-container-32-35,samtools,/srv/samtools,,219.3,0,0,0.5,7332855630.0,3375626530.0,1351693.0,150417.0,212.5,5.2,11457586.9,6491589.5
register_condorpool_1_2,None,auxiliary,0,1702022553.0,,,1702022558.0,,,0.0,1702022559.0,1702022563.0,,,0.0,1702022563.0,1702022568.0,5.0,,1.0,4.0,5.0,,,,,poseidon,local,poseidon-submit,pegasus::rc-client,/mnt/poseidon-data/poseidon/pegasus-5.1.0panorama/bin/pegasus-rc-client,"-n pegasus::rc-client -N null -R local  -L variant-calling -T 2023-11-15T22:51:21+00:00 /home/poseidon/pegasus-5.1.0panorama/bin/pegasus-rc-client --prefix pegasus.catalog.replica.output --conf /mnt/poseidon-data/poseidon/workflows/variant-calling-pegasus-workflow/submit/poseidon/pegasus/variant-calling/run0335/pegasus.12663276954980669191.properties -v --meta /mnt/poseidon-data/poseidon/workflows/variant-calling-pegasus-workflow/submit/poseidon/pegasus/variant-calling/run0335/00/01/bwa_ID0000057.meta,/mnt/poseidon-data/poseidon/workflows/variant-calling-pegasus-workflow/submit/poseidon/pegasus/variant-calling/run0335/00/01/bwa_ID0000145.meta,/mnt/poseidon-data/poseidon/workflows/variant-calling-pegasus-workflow/submit/poseidon/pegasus/variant-calling/run0335/00/01/bwa_ID0000222.meta,/mnt/poseidon-data/poseidon/workflows/variant-calling-pegasus-workflow/submit/poseidon/pegasus/variant-calling/run0335/00/00/bwa_ID0000233.meta,/mnt/poseidon-data/poseidon/workflows/variant-calling-pegasus-workflow/submit/poseidon/pegasus/variant-calling/run0335/00/01/bwa_ID0000156.meta,/mnt/poseidon-data/poseidon/workflows/variant-calling-pegasus-workflow/submit/poseidon/pegasus/variant-calling/run0335/00/01/bwa_ID0000167.meta,/mnt/poseidon-data/poseidon/workflows/variant-calling-pegasus-workflow/submit/poseidon/pegasus/variant-calling/run0335/00/01/bwa_ID0000079.meta,/mnt/poseidon-data/poseidon/workflows/variant-calling-pegasus-workflow/submit/poseidon/pegasus/variant-calling/run0335/00/00/bwa_ID0000244.meta,/mnt/poseidon-data/poseidon/workflows/variant-calling-pegasus-workflow/submit/poseidon/pegasus/variant-calling/run0335/00/01/bwa_ID0000068.meta,/mnt/poseidon-data/poseidon/workflows/variant-calling-pegasus-workflow/submit/poseidon/pegasus/variant-calling/run0335/00/01/bwa_ID0000134.meta --insert /mnt/poseidon-data/poseidon/workflows/variant-calling-pegasus-workflow/submit/poseidon/pegasus/variant-calling/run0335/00/02/register_condorpool_1_2.in",2.8,0,0,,,,,,,,,
bcftools_ID0000092,None,compute,0,1702022563.0,,,1702022568.0,1702022570.0,1702022591.0,73159950.1,1702022569.0,1702022793.0,1702022778.0,1702022783.0,35599041.0,1702022793.0,1702022798.0,5.0,,1.0,224.0,5.0,21.0,868270652.0,5.0,159589631.0,poseidon,condorpool,poseidon-worker-2-container-16-19,bcftools,/opt/software/install/bcftools/1.15.1/bin/bcftools,,172.4,0,0,0.7,503876538.0,159290783.0,54708.0,11219.0,170.8,1.4,1399657.1,442474.4
vcfutils_ID0000286,None,compute,0,1702022568.0,,,1702022573.0,1702022575.0,1702022596.0,28197798.4,1702022573.0,1702022613.0,1702022601.0,1702022604.0,543.0,1702022613.0,1702022618.0,5.0,,0.0,40.0,5.0,21.0,368510645.0,3.0,1715.0,poseidon,condorpool,poseidon-worker-2-container-4-7,vcfutils,/opt/software/install/bcftools/1.15.1/bin/vcfutils.pl,,0.0,0,0,,,,,,,,,
bcftools_ID0000251,None,compute,0,1702022578.0,,,1702022583.0,1702022586.0,1702022604.0,65277835.5,1702022584.0,1702022693.0,1702022683.0,1702022687.0,33109110.0,1702022693.0,1702022698.0,5.0,,1.0,109.0,5.0,18.0,584745097.0,4.0,143884014.0,poseidon,condorpool,poseidon-worker-2-container-44-47,bcftools,/opt/software/install/bcftools/1.15.1/bin/bcftools,,66.8,0,0,0.2,220820393.0,143590094.0,22356.0,11574.0,66.3,0.4,1577288.5,1025643.5
bcftools_ID0000031,None,compute,0,1702022583.0,,,1702022588.0,1702022591.0,1702022613.0,40537873.5,1702022589.0,1702022703.0,1702022691.0,1702022695.0,33209095.0,1702022703.0,1702022708.0,5.0,,1.0,114.0,5.0,22.0,584745096.0,4.0,143883728.0,poseidon,condorpool,poseidon-worker-2-container-36-39,bcftools,/opt/software/install/bcftools/1.15.1/bin/bcftools,,66.9,0,0,0.1,217863697.0,141613778.0,22059.0,11417.0,65.6,0.3,1556169.3,1011527.0
bcftools_ID0000219,None,compute,0,1702022588.0,,,1702022593.0,1702022599.0,1702022617.0,67585058.7,1702022597.0,1702022638.0,1702022627.0,1702022630.0,518.0,1702022638.0,1702022643.0,5.0,,4.0,41.0,5.0,18.0,512392942.0,3.0,1717.0,poseidon,condorpool,poseidon-worker-2-container-28-31,bcftools,/opt/software/install/bcftools/1.15.1/bin/bcftools,,3.4,0,0,,,,,,,,,
bcftools_ID0000120,None,compute,0,1702022588.0,,,1702022593.0,1702022599.0,1702022618.0,68269454.0,1702022597.0,1702022638.0,1702022627.0,1702022630.0,543.0,1702022638.0,1702022643.0,5.0,,4.0,41.0,5.0,19.0,512392942.0,3.0,1717.0,poseidon,condorpool,poseidon-worker-2-container-44-47,bcftools,/opt/software/install/bcftools/1.15.1/bin/bcftools,,3.4,0,0,,,,,,,,,
bcftools_ID0000224,None,compute,0,1702022593.0,,,1702022598.0,1702022601.0,1702022623.0,64868558.5,1702022598.0,1702022818.0,1702022803.0,1702022808.0,34498277.0,1702022818.0,1702022823.0,5.0,,0.0,220.0,5.0,22.0,868270654.0,5.0,159589810.0,poseidon,condorpool,poseidon-worker-2-container-36-39,bcftools,/opt/software/install/bcftools/1.15.1/bin/bcftools,,171.3,0,0,0.6,496941067.0,156940954.0,54121.0,11048.0,168.0,0.6,1461591.4,461591.0
bcftools_ID0000064,None,compute,0,1702022593.0,,,1702022598.0,1702022601.0,1702022618.0,65902493.5,1702022599.0,1702022703.0,1702022693.0,1702022697.0,32528672.0,1702022703.0,1702022708.0,5.0,,1.0,104.0,5.0,17.0,584745096.0,4.0,143883728.0,poseidon,condorpool,poseidon-worker-2-container-28-31,bcftools,/opt/software/install/bcftools/1.15.1/bin/bcftools,,67.3,0,0,0.2,212014400.0,137855093.0,21396.0,11114.0,64.1,0.3,1630880.0,1060423.8
bcftools_ID0000262,None,compute,0,1702022593.0,,,1702022598.0,1702022600.0,1702022618.0,65030896.5,1702022598.0,1702022703.0,1702022692.0,1702022696.0,32809151.0,1702022703.0,1702022708.0,5.0,,0.0,105.0,5.0,18.0,584745098.0,4.0,143884014.0,poseidon,condorpool,poseidon-worker-2-container-16-19,bcftools,/opt/software/install/bcftools/1.15.1/bin/bcftools,,66.7,0,0,0.1,213865960.0,139139405.0,21501.0,11217.0,64.2,0.2,1645122.8,1070303.1
bcftools_ID0000141,None,compute,0,1702022603.0,,,1702022608.0,1702022613.0,1702022631.0,56799098.1,1702022612.0,1702022718.0,1702022705.0,1702022709.0,31765239.0,1702022718.0,1702022723.0,5.0,,4.0,106.0,5.0,18.0,584745097.0,4.0,143884016.0,poseidon,condorpool,poseidon-worker-2-container-20-23,bcftools,/opt/software/install/bcftools/1.15.1/bin/bcftools,,66.8,0,0,0.1,214472315.0,139580796.0,21486.0,11254.0,64.4,0.4,1649787.0,1073698.4
bcftools_ID0000317,None,compute,0,1702022603.0,,,1702022608.0,1702022613.0,1702022630.0,59478875.4,1702022612.0,1702022718.0,1702022704.0,1702022709.0,32345408.0,1702022718.0,1702022723.0,5.0,,4.0,106.0,5.0,17.0,584745097.0,5.0,143884014.0,poseidon,condorpool,poseidon-worker-2-container-8-11,bcftools,/opt/software/install/bcftools/1.15.1/bin/bcftools,,66.7,0,0,0.1,214808959.0,139795751.0,21526.0,11271.0,64.4,0.3,1652376.6,1075351.9
vcfutils_ID0000242,None,compute,0,1702022603.0,,,1702022608.0,1702022613.0,1702022628.0,57363781.7,1702022612.0,1702022643.0,1702022633.0,1702022636.0,537.0,1702022643.0,1702022648.0,5.0,,4.0,31.0,5.0,15.0,368510644.0,3.0,1713.0,poseidon,condorpool,poseidon-worker-2-container-40-43,vcfutils,/opt/software/install/bcftools/1.15.1/bin/vcfutils.pl,,0.0,0,0,,,,,,,,,
bcftools_ID0000125,None,compute,0,1702022608.0,,,1702022613.0,1702022626.0,1702022645.0,75912919.3,1702022624.0,1702022838.0,1702022824.0,1702022828.0,35566320.0,1702022838.0,1702022843.0,5.0,,11.0,214.0,5.0,19.0,868270653.0,4.0,159589810.0,poseidon,condorpool,poseidon-worker-2-container-28-31,bcftools,/opt/software/install/bcftools/1.15.1/bin/bcftools,,170.7,0,0,0.5,499442326.0,157770495.0,54316.0,11106.0,168.6,0.3,1468948.0,464030.9
samtools_ID0000179,None,compute,0,1702022608.0,,,1702022613.0,1702022625.0,1702022656.0,117006105.6,1702022624.0,1702022914.0,1702022894.0,1702022907.0,90813465.0,1702022914.0,1702022919.0,5.0,,11.0,290.0,5.0,31.0,2653555020.0,13.0,1215346884.0,poseidon,condorpool,poseidon-worker-2-container-40-43,samtools,/srv/samtools,,218.7,0,0,0.5,7253361976.0,3322763845.0,1331100.0,148044.0,205.0,4.4,16484913.6,7727357.8
bcftools_ID0000015,None,compute,0,1702022608.0,,,1702022613.0,1702022616.0,1702022634.0,76107152.2,1702022614.0,1702022828.0,1702022813.0,1702022818.0,34814525.0,1702022828.0,1702022833.0,5.0,,1.0,214.0,5.0,18.0,868270652.0,5.0,159589631.0,poseidon,condorpool,poseidon-worker-2-container-4-7,bcftools,/opt/software/install/bcftools/1.15.1/bin/bcftools,,170.6,0,0,0.5,499650082.0,157845664.0,54279.0,11112.0,168.4,0.4,1469559.1,464252.0
vcfutils_ID0000220,None,compute,0,1702022643.0,,,1702022648.0,1702022650.0,1702022664.0,58319575.8,1702022648.0,1702022683.0,1702022669.0,1702022673.0,472.0,1702022683.0,1702022688.0,5.0,,0.0,35.0,5.0,14.0,368510645.0,4.0,1715.0,poseidon,condorpool,poseidon-worker-2-container-44-47,vcfutils,/opt/software/install/bcftools/1.15.1/bin/vcfutils.pl,,0.0,0,0,,,,,,,,,
vcfutils_ID0000121,None,compute,0,1702022643.0,,,1702022648.0,1702022650.0,1702022664.0,58332682.6,1702022649.0,1702022678.0,1702022669.0,1702022672.0,563.0,1702022678.0,1702022683.0,5.0,,1.0,29.0,5.0,14.0,368510645.0,3.0,1715.0,poseidon,condorpool,poseidon-worker-2-container-40-43,vcfutils,/opt/software/install/bcftools/1.15.1/bin/vcfutils.pl,,0.0,0,0,,,,,,,,,
bcftools_ID0000081,None,compute,0,1702022658.0,,,1702022663.0,1702022666.0,1702022683.0,91355765.6,1702022664.0,1702022874.0,1702022863.0,1702022868.0,35527476.0,1702022874.0,1702022879.0,5.0,,1.0,210.0,5.0,17.0,868270652.0,5.0,159589633.0,poseidon,condorpool,poseidon-worker-2-container-28-31,bcftools,/opt/software/install/bcftools/1.15.1/bin/bcftools,,171.5,0,0,0.5,495134482.0,156404745.0,53910.0,11009.0,167.2,1.1,1456277.9,460014.0
bcftools_ID0000235,None,compute,0,1702022663.0,,,1702022668.0,1702022671.0,1702022688.0,88718631.0,1702022669.0,1702022879.0,1702022868.0,1702022873.0,35632603.0,1702022879.0,1702022884.0,5.0,,1.0,210.0,5.0,17.0,868270653.0,5.0,159589810.0,poseidon,condorpool,poseidon-worker-2-container-4-7,bcftools,/opt/software/install/bcftools/1.15.1/bin/bcftools,,171.6,0,0,0.6,496041206.0,156673293.0,53884.0,11029.0,167.5,1.3,1458944.7,460803.8
samtools_ID0000289,None,compute,0,1702022683.0,,,1702022688.0,1702022690.0,1702022715.0,150507321.2,1702022688.0,1702022974.0,1702022951.0,1702022965.0,88451496.0,1702022974.0,1702022979.0,5.0,,0.0,286.0,5.0,25.0,2653555020.0,14.0,1215346883.0,poseidon,condorpool,poseidon-worker-2-container-32-35,samtools,/srv/samtools,,217.6,0,0,0.4,7033594027.0,3332254175.0,1306351.0,148579.0,202.2,4.6,16357195.4,7749428.3
bcftools_ID0000076,None,compute,0,1702022683.0,,,1702022688.0,1702022690.0,1702022704.0,72666100.5,1702022688.0,1702022723.0,1702022713.0,1702022716.0,558.0,1702022723.0,1702022728.0,5.0,,0.0,35.0,5.0,14.0,512392655.0,3.0,1715.0,poseidon,condorpool,poseidon-worker-2-container-40-43,bcftools,/opt/software/install/bcftools/1.15.1/bin/bcftools,,3.4,0,0,,,,,,,,,
register_condorpool_1_4,None,auxiliary,0,1702022683.0,,,1702022688.0,,,0.0,1702022688.0,1702022693.0,,,0.0,1702022693.0,1702022698.0,5.0,,0.0,5.0,5.0,,,,,poseidon,local,poseidon-submit,pegasus::rc-client,/mnt/poseidon-data/poseidon/pegasus-5.1.0panorama/bin/pegasus-rc-client,"-n pegasus::rc-client -N null -R local  -L variant-calling -T 2023-11-15T22:51:21+00:00 /home/poseidon/pegasus-5.1.0panorama/bin/pegasus-rc-client --prefix pegasus.catalog.replica.output --conf /mnt/poseidon-data/poseidon/workflows/variant-calling-pegasus-workflow/submit/poseidon/pegasus/variant-calling/run0335/pegasus.12663276954980669191.properties -v --meta /mnt/poseidon-data/poseidon/workflows/variant-calling-pegasus-workflow/submit/poseidon/pegasus/variant-calling/run0335/00/01/bwa_ID0000178.meta,/mnt/poseidon-data/poseidon/workflows/variant-calling-pegasus-workflow/submit/poseidon/pegasus/variant-calling/run0335/00/01/bwa_ID0000189.meta,/mnt/poseidon-data/poseidon/workflows/variant-calling-pegasus-workflow/submit/poseidon/pegasus/variant-calling/run0335/00/01/bwa_ID0000255.meta,/mnt/poseidon-data/poseidon/workflows/variant-calling-pegasus-workflow/submit/poseidon/pegasus/variant-calling/run0335/00/01/bwa_ID0000321.meta,/mnt/poseidon-data/poseidon/workflows/variant-calling-pegasus-workflow/submit/poseidon/pegasus/variant-calling/run0335/00/01/bwa_ID0000200.meta,/mnt/poseidon-data/poseidon/workflows/variant-calling-pegasus-workflow/submit/poseidon/pegasus/variant-calling/run0335/00/01/bwa_ID0000277.meta,/mnt/poseidon-data/poseidon/workflows/variant-calling-pegasus-workflow/submit/poseidon/pegasus/variant-calling/run0335/00/01/bwa_ID0000266.meta,/mnt/poseidon-data/poseidon/workflows/variant-calling-pegasus-workflow/submit/poseidon/pegasus/variant-calling/run0335/00/00/bwa_ID0000002.meta,/mnt/poseidon-data/poseidon/workflows/variant-calling-pegasus-workflow/submit/poseidon/pegasus/variant-calling/run0335/00/01/bwa_ID0000288.meta,/mnt/poseidon-data/poseidon/workflows/variant-calling-pegasus-workflow/submit/poseidon/pegasus/variant-calling/run0335/00/00/bwa_ID0000211.meta --insert /mnt/poseidon-data/poseidon/workflows/variant-calling-pegasus-workflow/submit/poseidon/pegasus/variant-calling/run0335/00/02/register_condorpool_1_4.in",2.8,0,0,,,,,,,,,
bcftools_ID0000307,None,compute,0,1702022688.0,,,1702022693.0,1702022695.0,1702022711.0,63152924.4,1702022693.0,1702022733.0,1702022720.0,1702022723.0,555.0,1702022733.0,1702022738.0,5.0,,0.0,40.0,5.0,16.0,512392945.0,3.0,1718.0,poseidon,condorpool,poseidon-worker-2-container-44-47,bcftools,/opt/software/install/bcftools/1.15.1/bin/bcftools,,3.4,0,0,,,,,,,,,
bcftools_ID0000252,None,compute,0,1702022698.0,,,1702022703.0,1702022706.0,1702022721.0,68311321.3,1702022704.0,1702022743.0,1702022730.0,1702022733.0,547.0,1702022743.0,1702022748.0,5.0,,1.0,39.0,5.0,15.0,512392942.0,3.0,1717.0,poseidon,condorpool,poseidon-worker-2-container-36-39,bcftools,/opt/software/install/bcftools/1.15.1/bin/bcftools,,3.4,0,0,,,,,,,,,
bcftools_ID0000185,None,compute,0,1702022703.0,,,1702022708.0,1702022711.0,1702022728.0,68641250.9,1702022709.0,1702022813.0,1702022802.0,1702022806.0,32386911.0,1702022813.0,1702022818.0,5.0,,1.0,104.0,5.0,17.0,584745097.0,4.0,143884014.0,poseidon,condorpool,poseidon-worker-2-container-28-31,bcftools,/opt/software/install/bcftools/1.15.1/bin/bcftools,,66.6,0,0,0.3,212845394.0,138423476.0,21489.0,11159.0,63.8,0.2,1637272.3,1064796.0
bcftools_ID0000032,None,compute,0,1702022708.0,,,1702022713.0,1702022716.0,1702022731.0,67658031.3,1702022714.0,1702022753.0,1702022740.0,1702022743.0,537.0,1702022753.0,1702022758.0,5.0,,1.0,39.0,5.0,15.0,512392656.0,3.0,1717.0,poseidon,condorpool,poseidon-worker-2-container-16-19,bcftools,/opt/software/install/bcftools/1.15.1/bin/bcftools,,3.4,0,0,,,,,,,,,
bcftools_ID0000065,None,compute,0,1702022708.0,,,1702022713.0,1702022716.0,1702022731.0,69389325.0,1702022715.0,1702022753.0,1702022740.0,1702022744.0,542.0,1702022753.0,1702022758.0,5.0,,2.0,38.0,5.0,15.0,512392656.0,4.0,1716.0,poseidon,condorpool,poseidon-worker-2-container-8-11,bcftools,/opt/software/install/bcftools/1.15.1/bin/bcftools,,3.4,0,0,,,,,,,,,
bcftools_ID0000263,None,compute,0,1702022708.0,,,1702022713.0,1702022716.0,1702022731.0,64261522.3,1702022714.0,1702022753.0,1702022740.0,1702022743.0,546.0,1702022753.0,1702022758.0,5.0,,1.0,39.0,5.0,15.0,512392942.0,3.0,1718.0,poseidon,condorpool,poseidon-worker-2-container-12-15,bcftools,/opt/software/install/bcftools/1.15.1/bin/bcftools,,3.4,0,0,,,,,,,,,
bcftools_ID0000026,None,compute,0,1702022723.0,,,1702022728.0,1702022731.0,1702022748.0,94741500.4,1702022729.0,1702022939.0,1702022927.0,1702022932.0,34955205.0,1702022939.0,1702022944.0,5.0,,1.0,210.0,5.0,17.0,868270652.0,5.0,159589631.0,poseidon,condorpool,poseidon-worker-2-container-44-47,bcftools,/opt/software/install/bcftools/1.15.1/bin/bcftools,,170.9,0,0,0.5,499319206.0,157745637.0,54268.0,11104.0,168.7,0.3,1468585.9,463957.8
bcftools_ID0000318,None,compute,0,1702022723.0,,,1702022728.0,1702022730.0,1702022745.0,72068791.0,1702022729.0,1702022763.0,1702022754.0,1702022757.0,512.0,1702022763.0,1702022768.0,5.0,,1.0,34.0,5.0,15.0,512392942.0,3.0,1717.0,poseidon,condorpool,poseidon-worker-2-container-40-43,bcftools,/opt/software/install/bcftools/1.15.1/bin/bcftools,,3.4,0,0,,,,,,,,,
bcftools_ID0000142,None,compute,0,1702022723.0,,,1702022728.0,1702022730.0,1702022745.0,78050098.0,1702022729.0,1702022763.0,1702022754.0,1702022757.0,558.0,1702022763.0,1702022768.0,5.0,,1.0,34.0,5.0,15.0,512392944.0,3.0,1717.0,poseidon,condorpool,poseidon-worker-2-container-28-31,bcftools,/opt/software/install/bcftools/1.15.1/bin/bcftools,,3.4,0,0,,,,,,,,,
vcfutils_ID0000077,None,compute,0,1702022728.0,,,1702022733.0,1702022740.0,1702022754.0,52829305.7,1702022738.0,1702022768.0,1702022759.0,1702022763.0,562.0,1702022768.0,1702022773.0,5.0,,5.0,30.0,5.0,14.0,368510643.0,4.0,1713.0,poseidon,condorpool,poseidon-worker-2-container-24-27,vcfutils,/opt/software/install/bcftools/1.15.1/bin/vcfutils.pl,,0.0,0,0,,,,,,,,,
vcfutils_ID0000308,None,compute,0,1702022738.0,,,1702022743.0,1702022746.0,1702022760.0,53604308.3,1702022744.0,1702022778.0,1702022765.0,1702022768.0,561.0,1702022778.0,1702022783.0,5.0,,1.0,34.0,5.0,14.0,368510646.0,3.0,1718.0,poseidon,condorpool,poseidon-worker-2-container-36-39,vcfutils,/opt/software/install/bcftools/1.15.1/bin/vcfutils.pl,,0.0,0,0,,,,,,,,,
bcftools_ID0000059,None,compute,0,1702022743.0,,,1702022748.0,1702022750.0,1702022768.0,86401423.3,1702022748.0,1702022959.0,1702022946.0,1702022951.0,33285951.0,1702022959.0,1702022964.0,5.0,,0.0,211.0,5.0,18.0,868270652.0,5.0,159589631.0,poseidon,condorpool,poseidon-worker-2-container-44-47,bcftools,/opt/software/install/bcftools/1.15.1/bin/bcftools,,170.4,0,0,0.4,501312233.0,158410037.0,54527.0,11157.0,168.8,0.4,1474447.7,465911.9
bcftools_ID0000103,None,compute,0,1702022748.0,,,1702022753.0,1702022755.0,1702022771.0,102539736.7,1702022753.0,1702022964.0,1702022949.0,1702022954.0,34170267.0,1702022964.0,1702022969.0,5.0,,0.0,211.0,5.0,16.0,868270652.0,5.0,159589631.0,poseidon,condorpool,poseidon-worker-2-container-8-11,bcftools,/opt/software/install/bcftools/1.15.1/bin/bcftools,,170.2,0,0,0.4,501745079.0,158572623.0,54431.0,11169.0,168.8,0.5,1475720.8,466390.1
vcfutils_ID0000253,None,compute,0,1702022748.0,,,1702022753.0,1702022755.0,1702022768.0,57595707.4,1702022753.0,1702022783.0,1702022774.0,1702022777.0,558.0,1702022783.0,1702022788.0,5.0,,0.0,30.0,5.0,13.0,368510645.0,3.0,1715.0,poseidon,condorpool,poseidon-worker-2-container-36-39,vcfutils,/opt/software/install/bcftools/1.15.1/bin/vcfutils.pl,,0.0,0,0,,,,,,,,,
vcfutils_ID0000264,None,compute,0,1702022758.0,,,1702022763.0,1702022765.0,1702022779.0,57839567.2,1702022763.0,1702022793.0,1702022784.0,1702022787.0,561.0,1702022793.0,1702022798.0,5.0,,0.0,30.0,5.0,14.0,368510646.0,3.0,1716.0,poseidon,condorpool,poseidon-worker-2-container-40-43,vcfutils,/opt/software/install/bcftools/1.15.1/bin/vcfutils.pl,,0.0,0,0,,,,,,,,,
vcfutils_ID0000033,None,compute,0,1702022758.0,,,1702022763.0,1702022765.0,1702022779.0,57265658.0,1702022763.0,1702022798.0,1702022784.0,1702022787.0,560.0,1702022798.0,1702022803.0,5.0,,0.0,35.0,5.0,14.0,368510645.0,3.0,1717.0,poseidon,condorpool,poseidon-worker-2-container-28-31,vcfutils,/opt/software/install/bcftools/1.15.1/bin/vcfutils.pl,,0.0,0,0,,,,,,,,,
vcfutils_ID0000066,None,compute,0,1702022758.0,,,1702022763.0,1702022770.0,1702022784.0,57061196.2,1702022769.0,1702022798.0,1702022789.0,1702022792.0,558.0,1702022798.0,1702022803.0,5.0,,6.0,29.0,5.0,14.0,368510644.0,3.0,1713.0,poseidon,condorpool,poseidon-worker-2-container-36-39,vcfutils,/opt/software/install/bcftools/1.15.1/bin/vcfutils.pl,,0.0,0,0,,,,,,,,,
bcftools_ID0000301,None,compute,0,1702022758.0,,,1702022763.0,1702022770.0,1702022805.0,92995250.8,1702022769.0,1702023079.0,1702023067.0,1702023071.0,34807158.0,1702023079.0,1702023084.0,5.0,,6.0,310.0,5.0,35.0,868270653.0,4.0,159589812.0,poseidon,condorpool,poseidon-worker-1-container-32-35,bcftools,/opt/software/install/bcftools/1.15.1/bin/bcftools,,172.7,0,0,0.8,499094321.0,157636415.0,54482.0,11096.0,170.2,0.6,1061902.8,358264.6
vcfutils_ID0000319,None,compute,0,1702022768.0,,,1702022773.0,1702022776.0,1702022790.0,52599718.7,1702022774.0,1702022808.0,1702022795.0,1702022798.0,550.0,1702022808.0,1702022813.0,5.0,,1.0,34.0,5.0,14.0,368510645.0,3.0,1716.0,poseidon,condorpool,poseidon-worker-2-container-24-27,vcfutils,/opt/software/install/bcftools/1.15.1/bin/vcfutils.pl,,0.0,0,0,,,,,,,,,
vcfutils_ID0000143,None,compute,0,1702022768.0,,,1702022773.0,1702022776.0,1702022789.0,57877642.4,1702022774.0,1702022808.0,1702022795.0,1702022798.0,547.0,1702022808.0,1702022813.0,5.0,,1.0,34.0,5.0,13.0,368510645.0,3.0,1716.0,poseidon,condorpool,poseidon-worker-2-container-36-39,vcfutils,/opt/software/install/bcftools/1.15.1/bin/vcfutils.pl,,0.0,0,0,,,,,,,,,
bcftools_ID0000147,None,compute,0,1702022768.0,,,1702022773.0,1702022785.0,1702022801.0,97974427.5,1702022783.0,1702022989.0,1702022979.0,1702022984.0,34089378.0,1702022989.0,1702022994.0,5.0,,10.0,206.0,5.0,16.0,868270654.0,5.0,159589812.0,poseidon,condorpool,poseidon-worker-2-container-36-39,bcftools,/opt/software/install/bcftools/1.15.1/bin/bcftools,,170.2,0,0,0.2,502364457.0,158771776.0,54577.0,11182.0,169.2,0.3,1477542.5,466975.8
bcftools_ID0000093,None,compute,0,1702022798.0,,,1702022803.0,1702022805.0,1702022819.0,79847391.6,1702022804.0,1702022838.0,1702022829.0,1702022832.0,8595.0,1702022838.0,1702022843.0,5.0,,1.0,34.0,5.0,14.0,528098559.0,3.0,26430.0,poseidon,condorpool,poseidon-worker-2-container-40-43,bcftools,/opt/software/install/bcftools/1.15.1/bin/bcftools,,3.6,0,0,,,,,,,,,
vcfutils_ID0000022,None,compute,0,1702022813.0,,,1702022818.0,1702022820.0,1702022835.0,53581821.7,1702022818.0,1702022854.0,1702022840.0,1702022843.0,558.0,1702022854.0,1702022859.0,5.0,,0.0,36.0,5.0,15.0,368510643.0,3.0,1716.0,poseidon,condorpool,poseidon-worker-2-container-28-31,vcfutils,/opt/software/install/bcftools/1.15.1/bin/vcfutils.pl,,0.0,0,0,,,,,,,,,
bcftools_ID0000164,None,compute,0,1702022818.0,,,1702022823.0,1702022825.0,1702022840.0,65774902.6,1702022823.0,1702022859.0,1702022849.0,1702022852.0,556.0,1702022859.0,1702022864.0,5.0,,0.0,36.0,5.0,15.0,512392942.0,3.0,1717.0,poseidon,condorpool,poseidon-worker-2-container-36-39,bcftools,/opt/software/install/bcftools/1.15.1/bin/bcftools,,3.4,0,0,,,,,,,,,
bcftools_ID0000186,None,compute,0,1702022818.0,,,1702022823.0,1702022825.0,1702022839.0,76528434.6,1702022823.0,1702022859.0,1702022848.0,1702022852.0,561.0,1702022859.0,1702022864.0,5.0,,0.0,36.0,5.0,14.0,512392942.0,4.0,1718.0,poseidon,condorpool,poseidon-worker-2-container-24-27,bcftools,/opt/software/install/bcftools/1.15.1/bin/bcftools,,3.4,0,0,,,,,,,,,
bcftools_ID0000225,None,compute,0,1702022823.0,,,1702022828.0,1702022830.0,1702022846.0,69053189.3,1702022828.0,1702022869.0,1702022856.0,1702022859.0,8651.0,1702022869.0,1702022874.0,5.0,,0.0,41.0,5.0,16.0,528098738.0,3.0,26431.0,poseidon,condorpool,poseidon-worker-2-container-28-31,bcftools,/opt/software/install/bcftools/1.15.1/bin/bcftools,,3.6,0,0,,,,,,,,,
bcftools_ID0000016,None,compute,0,1702022833.0,,,1702022838.0,1702022841.0,1702022855.0,73531618.0,1702022839.0,1702022874.0,1702022864.0,1702022867.0,8611.0,1702022874.0,1702022879.0,5.0,,1.0,35.0,5.0,14.0,528098559.0,3.0,26430.0,poseidon,condorpool,poseidon-worker-2-container-40-43,bcftools,/opt/software/install/bcftools/1.15.1/bin/bcftools,,3.6,0,0,,,,,,,,,
bcftools_ID0000246,None,compute,0,1702022833.0,,,1702022838.0,1702022841.0,1702022859.0,88043134.0,1702022839.0,1702023049.0,1702023037.0,1702023042.0,33473282.0,1702023049.0,1702023054.0,5.0,,1.0,210.0,5.0,18.0,868270654.0,5.0,159589811.0,poseidon,condorpool,poseidon-worker-2-container-28-31,bcftools,/opt/software/install/bcftools/1.15.1/bin/bcftools,,170.6,0,0,0.2,501035447.0,158306459.0,54478.0,11150.0,168.4,0.9,1473633.7,465607.2
bcftools_ID0000274,None,compute,0,1702022838.0,,,1702022843.0,1702022853.0,1702022869.0,75521684.7,1702022844.0,1702022899.0,1702022886.0,1702022889.0,555.0,1702022899.0,1702022904.0,5.0,,1.0,55.0,5.0,16.0,512392945.0,3.0,1717.0,poseidon,condorpool,poseidon-worker-1-container-28-31,bcftools,/opt/software/install/bcftools/1.15.1/bin/bcftools,,3.5,0,0,0.0,144144976.0,0.0,23690.0,0.0,3.4,0.1,7207248.8,
bcftools_ID0000131,None,compute,0,1702022838.0,,,1702022843.0,1702022853.0,1702022869.0,68645061.0,1702022845.0,1702022899.0,1702022886.0,1702022889.0,552.0,1702022899.0,1702022904.0,5.0,,2.0,54.0,5.0,16.0,512392942.0,3.0,1717.0,poseidon,condorpool,poseidon-worker-1-container-16-19,bcftools,/opt/software/install/bcftools/1.15.1/bin/bcftools,,3.5,0,0,0.0,144117504.0,0.0,23630.0,0.0,3.4,0.0,7205875.2,
bcftools_ID0000054,None,compute,0,1702022838.0,,,1702022843.0,1702022853.0,1702022869.0,76098813.3,1702022844.0,1702022899.0,1702022886.0,1702022889.0,553.0,1702022899.0,1702022904.0,5.0,,1.0,55.0,5.0,16.0,512392654.0,3.0,1715.0,poseidon,condorpool,poseidon-worker-1-container-28-31,bcftools,/opt/software/install/bcftools/1.15.1/bin/bcftools,,3.5,0,0,0.0,144141898.0,0.0,23684.0,0.0,3.4,0.0,7207094.9,
bcftools_ID0000230,None,compute,0,1702022838.0,,,1702022843.0,1702022846.0,1702022861.0,65371531.3,1702022844.0,1702022879.0,1702022870.0,1702022873.0,559.0,1702022879.0,1702022884.0,5.0,,1.0,35.0,5.0,15.0,512392942.0,3.0,1717.0,poseidon,condorpool,poseidon-worker-2-container-4-7,bcftools,/opt/software/install/bcftools/1.15.1/bin/bcftools,,3.4,0,0,,,,,,,,,
bcftools_ID0000087,None,compute,0,1702022838.0,,,1702022843.0,1702022853.0,1702022869.0,71367814.0,1702022844.0,1702022899.0,1702022886.0,1702022889.0,550.0,1702022899.0,1702022904.0,5.0,,1.0,55.0,5.0,16.0,512392655.0,3.0,1717.0,poseidon,condorpool,poseidon-worker-1-container-28-31,bcftools,/opt/software/install/bcftools/1.15.1/bin/bcftools,,3.5,0,0,0.0,144147470.0,0.0,23696.0,0.0,3.4,0.0,7207373.5,
bcftools_ID0000098,None,compute,0,1702022838.0,,,1702022843.0,1702022853.0,1702022869.0,68565723.7,1702022844.0,1702022899.0,1702022886.0,1702022889.0,549.0,1702022899.0,1702022904.0,5.0,,1.0,55.0,5.0,16.0,512392655.0,3.0,1716.0,poseidon,condorpool,poseidon-worker-1-container-16-19,bcftools,/opt/software/install/bcftools/1.15.1/bin/bcftools,,3.5,0,0,0.0,144114437.0,1716.0,23624.0,1.0,3.4,0.0,7205721.8,171.6
vcfutils_ID0000094,None,compute,0,1702022843.0,,,1702022848.0,1702022854.0,1702022874.0,29432968.7,1702022852.0,1702022899.0,1702022886.0,1702022889.0,8555.0,1702022899.0,1702022904.0,5.0,,4.0,47.0,5.0,20.0,368535358.0,3.0,26415.0,poseidon,condorpool,poseidon-worker-1-container-12-15,vcfutils,/opt/software/install/bcftools/1.15.1/bin/vcfutils.pl,,0.0,0,0,,,,,,,,,
bcftools_ID0000126,None,compute,0,1702022843.0,,,1702022848.0,1702022851.0,1702022865.0,72829648.0,1702022849.0,1702022884.0,1702022875.0,1702022878.0,8635.0,1702022884.0,1702022889.0,5.0,,1.0,35.0,5.0,14.0,528098738.0,3.0,26430.0,poseidon,condorpool,poseidon-worker-2-container-28-31,bcftools,/opt/software/install/bcftools/1.15.1/bin/bcftools,,3.7,0,0,,,,,,,,,
vcfutils_ID0000187,None,compute,0,1702022864.0,,,1702022869.0,1702022871.0,1702022885.0,58092224.2,1702022870.0,1702022899.0,1702022890.0,1702022893.0,559.0,1702022899.0,1702022904.0,5.0,,1.0,29.0,5.0,14.0,368510646.0,3.0,1718.0,poseidon,condorpool,poseidon-worker-2-container-24-27,vcfutils,/opt/software/install/bcftools/1.15.1/bin/vcfutils.pl,,0.0,0,0,,,,,,,,,
bcftools_ID0000048,None,compute,0,1702022864.0,,,1702022869.0,1702022872.0,1702022889.0,89758289.4,1702022870.0,1702023079.0,1702023066.0,1702023071.0,31717483.0,1702023079.0,1702023084.0,5.0,,1.0,209.0,5.0,17.0,868270652.0,5.0,159589631.0,poseidon,condorpool,poseidon-worker-2-container-28-31,bcftools,/opt/software/install/bcftools/1.15.1/bin/bcftools,,169.4,0,0,0.1,491116701.0,155068566.0,53366.0,10913.0,164.3,0.5,1488232.4,469904.7
vcfutils_ID0000165,None,compute,0,1702022864.0,,,1702022869.0,1702022871.0,1702022884.0,58386164.8,1702022870.0,1702022899.0,1702022890.0,1702022893.0,559.0,1702022899.0,1702022904.0,5.0,,1.0,29.0,5.0,13.0,368510645.0,3.0,1715.0,poseidon,condorpool,poseidon-worker-2-container-36-39,vcfutils,/opt/software/install/bcftools/1.15.1/bin/vcfutils.pl,,0.0,0,0,,,,,,,,,
bcftools_ID0000158,None,compute,0,1702022869.0,,,1702022874.0,1702022877.0,1702022893.0,99804233.3,1702022875.0,1702023084.0,1702023069.0,1702023074.0,35823757.0,1702023084.0,1702023089.0,5.0,,1.0,209.0,5.0,16.0,868270653.0,5.0,159589813.0,poseidon,condorpool,poseidon-worker-2-container-40-43,bcftools,/opt/software/install/bcftools/1.15.1/bin/bcftools,,169.1,0,0,0.1,491588739.0,155212030.0,53400.0,10923.0,164.1,0.7,1489662.8,470339.5
vcfutils_ID0000226,None,compute,0,1702022874.0,,,1702022879.0,1702022881.0,1702022894.0,57603677.4,1702022879.0,1702022909.0,1702022899.0,1702022902.0,8646.0,1702022909.0,1702022914.0,5.0,,0.0,30.0,5.0,13.0,368535359.0,3.0,26418.0,poseidon,condorpool,poseidon-worker-2-container-4-7,vcfutils,/opt/software/install/bcftools/1.15.1/bin/vcfutils.pl,,0.0,0,0,,,,,,,,,
vcfutils_ID0000017,None,compute,0,1702022879.0,,,1702022884.0,1702022888.0,1702022902.0,56465003.0,1702022884.0,1702022919.0,1702022907.0,1702022910.0,8623.0,1702022919.0,1702022924.0,5.0,,0.0,35.0,5.0,14.0,368535358.0,3.0,26415.0,poseidon,condorpool,poseidon-worker-2-container-28-31,vcfutils,/opt/software/install/bcftools/1.15.1/bin/vcfutils.pl,,0.0,0,0,,,,,,,,,
bcftools_ID0000082,None,compute,0,1702022879.0,,,1702022884.0,1702022888.0,1702022902.0,78824013.2,1702022885.0,1702022924.0,1702022912.0,1702022915.0,8161.0,1702022924.0,1702022929.0,5.0,,1.0,39.0,5.0,14.0,528098561.0,3.0,26429.0,poseidon,condorpool,poseidon-worker-2-container-28-31,bcftools,/opt/software/install/bcftools/1.15.1/bin/bcftools,,3.6,0,0,,,,,,,,,
bcftools_ID0000236,None,compute,0,1702022884.0,,,1702022889.0,1702022903.0,1702022921.0,48570457.0,1702022896.0,1702022954.0,1702022937.0,1702022940.0,8579.0,1702022954.0,1702022959.0,5.0,,7.0,58.0,5.0,18.0,528098738.0,3.0,26429.0,poseidon,condorpool,poseidon-worker-1-container-16-19,bcftools,/opt/software/install/bcftools/1.15.1/bin/bcftools,,3.7,0,0,,,,,,,,,
vcfutils_ID0000231,None,compute,0,1702022884.0,,,1702022889.0,1702022903.0,1702022921.0,32219435.0,1702022895.0,1702022944.0,1702022933.0,1702022936.0,562.0,1702022944.0,1702022949.0,5.0,,6.0,49.0,5.0,18.0,368510645.0,3.0,1715.0,poseidon,condorpool,poseidon-worker-1-container-12-15,vcfutils,/opt/software/install/bcftools/1.15.1/bin/vcfutils.pl,,0.0,0,0,,,,,,,,,
vcfutils_ID0000127,None,compute,0,1702022889.0,,,1702022894.0,1702022903.0,1702022921.0,36247826.2,1702022896.0,1702022949.0,1702022935.0,1702022938.0,8597.0,1702022949.0,1702022954.0,5.0,,2.0,53.0,5.0,18.0,368535358.0,3.0,26423.0,poseidon,condorpool,poseidon-worker-1-container-28-31,vcfutils,/opt/software/install/bcftools/1.15.1/bin/vcfutils.pl,,0.0,0,0,0.0,307329.0,0.0,453.0,0.0,0.0,0.0,30732.9,
vcfutils_ID0000055,None,compute,0,1702022904.0,,,1702022909.0,1702022912.0,1702022926.0,52855735.3,1702022910.0,1702022949.0,1702022935.0,1702022938.0,563.0,1702022949.0,1702022954.0,5.0,,1.0,39.0,5.0,14.0,368510643.0,3.0,1716.0,poseidon,condorpool,poseidon-worker-1-container-16-19,vcfutils,/opt/software/install/bcftools/1.15.1/bin/vcfutils.pl,,0.0,0,0,,,,,,,,,
vcfutils_ID0000275,None,compute,0,1702022904.0,,,1702022909.0,1702022912.0,1702022925.0,57820147.0,1702022910.0,1702022939.0,1702022930.0,1702022933.0,548.0,1702022939.0,1702022944.0,5.0,,1.0,29.0,5.0,13.0,368510645.0,3.0,1715.0,poseidon,condorpool,poseidon-worker-2-container-4-7,vcfutils,/opt/software/install/bcftools/1.15.1/bin/vcfutils.pl,,0.0,0,0,,,,,,,,,
vcfutils_ID0000088,None,compute,0,1702022904.0,,,1702022909.0,1702022912.0,1702022926.0,57647606.0,1702022910.0,1702022949.0,1702022935.0,1702022938.0,561.0,1702022949.0,1702022954.0,5.0,,1.0,39.0,5.0,14.0,368510645.0,3.0,1718.0,poseidon,condorpool,poseidon-worker-1-container-28-31,vcfutils,/opt/software/install/bcftools/1.15.1/bin/vcfutils.pl,,0.0,0,0,,,,,,,,,
vcfutils_ID0000099,None,compute,0,1702022904.0,,,1702022909.0,1702022912.0,1702022926.0,47210596.6,1702022910.0,1702022944.0,1702022932.0,1702022935.0,562.0,1702022944.0,1702022949.0,5.0,,1.0,34.0,5.0,14.0,368510644.0,3.0,1717.0,poseidon,condorpool,poseidon-worker-2-container-24-27,vcfutils,/opt/software/install/bcftools/1.15.1/bin/vcfutils.pl,,0.0,0,0,,,,,,,,,
vcfutils_ID0000132,None,compute,0,1702022904.0,,,1702022909.0,1702022912.0,1702022925.0,57773645.0,1702022910.0,1702022939.0,1702022930.0,1702022933.0,548.0,1702022939.0,1702022944.0,5.0,,1.0,29.0,5.0,13.0,368510645.0,3.0,1715.0,poseidon,condorpool,poseidon-worker-2-container-36-39,vcfutils,/opt/software/install/bcftools/1.15.1/bin/vcfutils.pl,,0.0,0,0,,,,,,,,,
bcftools_ID0000180,None,compute,0,1702022919.0,,,1702022924.0,1702022926.0,1702022943.0,90192756.0,1702022925.0,1702023135.0,1702023120.0,1702023125.0,35725514.0,1702023135.0,1702023140.0,5.0,,1.0,210.0,5.0,17.0,868270653.0,5.0,159589810.0,poseidon,condorpool,poseidon-worker-2-container-28-31,bcftools,/opt/software/install/bcftools/1.15.1/bin/bcftools,,169.1,0,0,0.1,491999002.0,155359670.0,53484.0,10933.0,164.3,0.4,1490906.1,470786.9
vcfutils_ID0000083,None,compute,0,1702022929.0,,,1702022934.0,1702022937.0,1702022955.0,51795515.7,1702022935.0,1702022979.0,1702022968.0,1702022972.0,6844.0,1702022979.0,1702022984.0,5.0,,1.0,44.0,5.0,18.0,368535357.0,4.0,26416.0,poseidon,condorpool,poseidon-worker-1-container-44-47,vcfutils,/opt/software/install/bcftools/1.15.1/bin/vcfutils.pl,,0.0,0,0,,,,,,,,,
bcftools_ID0000328,None,compute,0,1702022929.0,,,1702022934.0,1702022937.0,1702022958.0,61978809.5,1702022935.0,1702023074.0,1702023055.0,1702023063.0,16542470.0,1702023074.0,1702023079.0,5.0,,1.0,139.0,5.0,21.0,584745097.0,8.0,143884017.0,poseidon,condorpool,poseidon-worker-1-container-44-47,bcftools,/opt/software/install/bcftools/1.15.1/bin/bcftools,,67.2,0,0,0.2,221172240.0,143884145.0,22284.0,11599.0,66.8,0.4,1301013.2,899275.9
bcftools_ID0000009,None,compute,0,1702022929.0,,,1702022934.0,1702022937.0,1702022953.0,65660559.0,1702022935.0,1702023039.0,1702023026.0,1702023031.0,32415805.0,1702023039.0,1702023044.0,5.0,,1.0,104.0,5.0,16.0,584745096.0,5.0,143883726.0,poseidon,condorpool,poseidon-worker-2-container-40-43,bcftools,/opt/software/install/bcftools/1.15.1/bin/bcftools,,66.7,0,0,0.1,215206227.0,139946918.0,21636.0,11282.0,64.6,0.2,1655432.5,1076514.8
bcftools_ID0000042,None,compute,0,1702022939.0,,,1702022944.0,1702022946.0,1702022961.0,79840320.5,1702022944.0,1702023044.0,1702023033.0,1702023038.0,32690716.0,1702023044.0,1702023049.0,5.0,,0.0,100.0,5.0,15.0,584745096.0,5.0,143883728.0,poseidon,condorpool,poseidon-worker-2-container-4-7,bcftools,/opt/software/install/bcftools/1.15.1/bin/bcftools,,66.1,0,0,0.1,217426556.0,141390314.0,21794.0,11399.0,64.7,0.2,1672512.0,1087617.8
bcftools_ID0000174,None,compute,0,1702022939.0,,,1702022944.0,1702022946.0,1702022961.0,77723442.5,1702022944.0,1702023044.0,1702023033.0,1702023038.0,32564852.0,1702023044.0,1702023049.0,5.0,,0.0,100.0,5.0,15.0,584745097.0,5.0,143884016.0,poseidon,condorpool,poseidon-worker-2-container-24-27,bcftools,/opt/software/install/bcftools/1.15.1/bin/bcftools,,66.2,0,0,0.0,217103275.0,141172648.0,21756.0,11382.0,64.8,0.2,1670025.2,1085943.4
bcftools_ID0000108,None,compute,0,1702022939.0,,,1702022944.0,1702022952.0,1702022975.0,63742672.5,1702022944.0,1702023094.0,1702023078.0,1702023082.0,33001797.0,1702023094.0,1702023099.0,5.0,,0.0,150.0,5.0,23.0,584745096.0,4.0,143883725.0,poseidon,condorpool,poseidon-worker-1-container-40-43,bcftools,/opt/software/install/bcftools/1.15.1/bin/bcftools,,67.5,0,0,0.8,221190820.0,143883853.0,22338.0,11599.0,67.2,0.4,1164162.2,799354.7
bcftools_ID0000207,None,compute,0,1702022939.0,,,1702022944.0,1702022946.0,1702022961.0,78745680.5,1702022944.0,1702023049.0,1702023034.0,1702023039.0,27556313.0,1702023049.0,1702023054.0,5.0,,0.0,105.0,5.0,15.0,584745097.0,5.0,143884014.0,poseidon,condorpool,poseidon-worker-2-container-36-39,bcftools,/opt/software/install/bcftools/1.15.1/bin/bcftools,,66.5,0,0,0.1,216143354.0,140513047.0,21729.0,11327.0,64.5,0.4,1662641.2,1080869.6
bcftools_ID0000152,None,compute,0,1702022939.0,,,1702022944.0,1702022946.0,1702022962.0,64839259.0,1702022944.0,1702023049.0,1702023035.0,1702023040.0,27087005.0,1702023049.0,1702023054.0,5.0,,0.0,105.0,5.0,16.0,584745098.0,5.0,143884016.0,poseidon,condorpool,poseidon-worker-2-container-44-47,bcftools,/opt/software/install/bcftools/1.15.1/bin/bcftools,,66.4,0,0,0.1,216375339.0,140701804.0,21710.0,11344.0,64.8,0.2,1664425.7,1082321.6
bcftools_ID0000196,None,compute,0,1702022944.0,,,1702022949.0,1702022953.0,1702022975.0,62541704.5,1702022951.0,1702023094.0,1702023078.0,1702023082.0,32692265.0,1702023094.0,1702023099.0,5.0,,2.0,143.0,5.0,22.0,584745097.0,4.0,143884015.0,poseidon,condorpool,poseidon-worker-1-container-28-31,bcftools,/opt/software/install/bcftools/1.15.1/bin/bcftools,,66.5,0,0,0.8,221190764.0,143884143.0,22338.0,11599.0,66.2,0.3,1164161.9,799356.4
bcftools_ID0000027,None,compute,0,1702022944.0,,,1702022949.0,1702022953.0,1702022974.0,63904851.9,1702022951.0,1702022999.0,1702022986.0,1702022989.0,8616.0,1702022999.0,1702023004.0,5.0,,2.0,48.0,5.0,21.0,528098559.0,3.0,26430.0,poseidon,condorpool,poseidon-worker-1-container-28-31,bcftools,/opt/software/install/bcftools/1.15.1/bin/bcftools,,3.6,0,0,0.0,159782785.0,26430.0,22803.0,3.0,3.6,0.1,15978278.5,2643.0
bcftools_ID0000295,None,compute,0,1702022944.0,,,1702022949.0,1702022953.0,1702022976.0,67004953.9,1702022951.0,1702023094.0,1702023078.0,1702023082.0,32871790.0,1702023094.0,1702023099.0,5.0,,2.0,143.0,5.0,23.0,584745097.0,4.0,143884014.0,poseidon,condorpool,poseidon-worker-1-container-16-19,bcftools,/opt/software/install/bcftools/1.15.1/bin/bcftools,,66.5,0,0,0.9,221179727.0,143884142.0,22314.0,11599.0,66.2,0.3,1164103.8,799356.3
vcfutils_ID0000237,None,compute,0,1702022959.0,,,1702022964.0,1702022967.0,1702022980.0,58185411.4,1702022965.0,1702022999.0,1702022985.0,1702022989.0,8315.0,1702022999.0,1702023004.0,5.0,,1.0,34.0,5.0,13.0,368535357.0,4.0,25531.0,poseidon,condorpool,poseidon-worker-2-container-44-47,vcfutils,/opt/software/install/bcftools/1.15.1/bin/vcfutils.pl,,0.0,0,0,,,,,,,,,
bcftools_ID0000060,None,compute,0,1702022964.0,,,1702022969.0,1702022971.0,1702022989.0,74754339.0,1702022969.0,1702023029.0,1702023016.0,1702023021.0,5626.0,1702023029.0,1702023034.0,5.0,,0.0,60.0,5.0,18.0,528098559.0,5.0,26430.0,poseidon,condorpool,poseidon-worker-1-container-16-19,bcftools,/opt/software/install/bcftools/1.15.1/bin/bcftools,,3.7,0,0,0.0,159788732.0,16847.0,22822.0,1.0,3.6,0.1,7989436.6,1684.7
bcftools_ID0000104,None,compute,0,1702022969.0,,,1702022974.0,1702022980.0,1702023007.0,26210126.2,1702022978.0,1702023029.0,1702023020.0,1702023024.0,8256.0,1702023029.0,1702023034.0,5.0,,4.0,51.0,5.0,27.0,528098559.0,4.0,26430.0,poseidon,condorpool,poseidon-worker-1-container-44-47,bcftools,/opt/software/install/bcftools/1.15.1/bin/bcftools,,3.6,0,0,,,,,,,,,
bcftools_ID0000268,None,compute,0,1702022974.0,,,1702022979.0,1702022992.0,1702023009.0,83872483.9,1702022990.0,1702023196.0,1702023185.0,1702023189.0,35829300.0,1702023196.0,1702023201.0,5.0,,11.0,206.0,5.0,17.0,868270653.0,4.0,159589814.0,poseidon,condorpool,poseidon-worker-2-container-36-39,bcftools,/opt/software/install/bcftools/1.15.1/bin/bcftools,,168.1,0,0,0.1,494316343.0,156158117.0,53684.0,10991.0,164.3,0.4,1497928.3,473206.4
bcftools_ID0000114,None,compute,0,1702022974.0,,,1702022979.0,1702022992.0,1702023021.0,50321861.8,1702022990.0,1702023236.0,1702023223.0,1702023228.0,35827940.0,1702023236.0,1702023241.0,5.0,,11.0,246.0,5.0,29.0,868270653.0,5.0,159589812.0,poseidon,condorpool,poseidon-worker-1-container-36-39,bcftools,/opt/software/install/bcftools/1.15.1/bin/bcftools,,170.1,0,0,0.9,504822990.0,159589940.0,54978.0,11241.0,169.8,0.4,1294417.9,409205.0
bcftools_ID0000290,None,compute,0,1702022979.0,,,1702022984.0,1702022992.0,1702023021.0,53840220.1,1702022990.0,1702023236.0,1702023225.0,1702023229.0,35842814.0,1702023236.0,1702023241.0,5.0,,6.0,246.0,5.0,29.0,868270653.0,4.0,159589810.0,poseidon,condorpool,poseidon-worker-1-container-32-35,bcftools,/opt/software/install/bcftools/1.15.1/bin/bcftools,,171.1,0,0,0.8,500085025.0,157987969.0,54444.0,11124.0,168.8,0.7,1282269.3,405097.4
bcftools_ID0000257,None,compute,0,1702022994.0,,,1702022999.0,1702023001.0,1702023021.0,68863484.9,1702022999.0,1702023211.0,1702023196.0,1702023201.0,35663719.0,1702023211.0,1702023216.0,5.0,,0.0,212.0,5.0,20.0,868270654.0,5.0,159589810.0,poseidon,condorpool,poseidon-worker-2-container-44-47,bcftools,/opt/software/install/bcftools/1.15.1/bin/bcftools,,167.9,0,0,0.1,494872807.0,156342328.0,53750.0,11004.0,164.4,0.3,1499614.6,473764.6
bcftools_ID0000148,None,compute,0,1702022994.0,,,1702022999.0,1702023009.0,1702023027.0,49684676.7,1702023007.0,1702023054.0,1702023037.0,1702023040.0,8002.0,1702023054.0,1702023059.0,5.0,,8.0,47.0,5.0,18.0,528098740.0,3.0,26430.0,poseidon,condorpool,poseidon-worker-1-container-28-31,bcftools,/opt/software/install/bcftools/1.15.1/bin/bcftools,,3.9,0,0,,,,,,,,,
bcftools_ID0000213,None,compute,0,1702022999.0,,,1702023004.0,1702023011.0,1702023032.0,64636300.5,1702023010.0,1702023241.0,1702023230.0,1702023234.0,35643672.0,1702023241.0,1702023246.0,5.0,,6.0,231.0,5.0,21.0,868270653.0,4.0,159589811.0,poseidon,condorpool,poseidon-worker-1-container-44-47,bcftools,/opt/software/install/bcftools/1.15.1/bin/bcftools,,170.2,0,0,0.9,503695063.0,159224603.0,54780.0,11214.0,169.5,0.4,1325513.3,419012.1
vcfutils_ID0000028,None,compute,0,1702023004.0,,,1702023009.0,1702023012.0,1702023025.0,57659550.6,1702023010.0,1702023044.0,1702023030.0,1702023034.0,8401.0,1702023044.0,1702023049.0,5.0,,1.0,34.0,5.0,13.0,368535358.0,4.0,26415.0,poseidon,condorpool,poseidon-worker-2-container-28-31,vcfutils,/opt/software/install/bcftools/1.15.1/bin/vcfutils.pl,,0.0,0,0,,,,,,,,,
bcftools_ID0000070,None,compute,0,1702023024.0,,,1702023029.0,1702023034.0,1702023057.0,79718254.3,1702023030.0,1702023261.0,1702023246.0,1702023251.0,35706516.0,1702023261.0,1702023266.0,5.0,,1.0,231.0,5.0,23.0,868270652.0,5.0,159589631.0,poseidon,condorpool,poseidon-worker-1-container-36-39,bcftools,/opt/software/install/bcftools/1.15.1/bin/bcftools,,170.8,0,0,0.2,503073923.0,159013397.0,54724.0,11199.0,169.6,0.6,1397427.6,441703.9
bcftools_ID0000279,None,compute,0,1702023024.0,,,1702023029.0,1702023034.0,1702023057.0,80430037.0,1702023030.0,1702023261.0,1702023246.0,1702023251.0,35455318.0,1702023261.0,1702023266.0,5.0,,1.0,231.0,5.0,23.0,868270653.0,5.0,159589811.0,poseidon,condorpool,poseidon-worker-1-container-40-43,bcftools,/opt/software/install/bcftools/1.15.1/bin/bcftools,,170.9,0,0,0.2,503229644.0,159068275.0,54681.0,11203.0,169.4,1.0,1397860.1,441856.3
bcftools_ID0000191,None,compute,0,1702023024.0,,,1702023029.0,1702023034.0,1702023056.0,88559426.2,1702023030.0,1702023256.0,1702023246.0,1702023250.0,34822137.0,1702023256.0,1702023261.0,5.0,,1.0,226.0,5.0,22.0,868270653.0,4.0,159589811.0,poseidon,condorpool,poseidon-worker-1-container-44-47,bcftools,/opt/software/install/bcftools/1.15.1/bin/bcftools,,170.4,0,0,0.2,504523640.0,159494388.0,54871.0,11233.0,169.8,0.5,1401454.6,443040.0
vcfutils_ID0000061,None,compute,0,1702023034.0,,,1702023039.0,1702023041.0,1702023055.0,54219743.3,1702023039.0,1702023074.0,1702023061.0,1702023064.0,8291.0,1702023074.0,1702023079.0,5.0,,0.0,35.0,5.0,14.0,368535358.0,3.0,26419.0,poseidon,condorpool,poseidon-worker-2-container-40-43,vcfutils,/opt/software/install/bcftools/1.15.1/bin/vcfutils.pl,,0.0,0,0,,,,,,,,,
bcftools_ID0000323,None,compute,0,1702023034.0,,,1702023039.0,1702023041.0,1702023069.0,54195573.3,1702023039.0,1702023271.0,1702023256.0,1702023261.0,35556009.0,1702023271.0,1702023276.0,5.0,,0.0,232.0,5.0,28.0,868270653.0,5.0,159589811.0,poseidon,condorpool,poseidon-worker-1-container-32-35,bcftools,/opt/software/install/bcftools/1.15.1/bin/bcftools,,168.7,0,0,0.1,490928858.0,154986897.0,53469.0,10907.0,163.6,0.5,1402653.9,442819.7
vcfutils_ID0000105,None,compute,0,1702023034.0,,,1702023039.0,1702023041.0,1702023067.0,29002804.7,1702023039.0,1702023084.0,1702023073.0,1702023076.0,8346.0,1702023084.0,1702023089.0,5.0,,0.0,45.0,5.0,26.0,368535358.0,3.0,26419.0,poseidon,condorpool,poseidon-worker-1-container-32-35,vcfutils,/opt/software/install/bcftools/1.15.1/bin/vcfutils.pl,,0.0,0,0,,,,,,,,,
bcftools_ID0000136,None,compute,0,1702023039.0,,,1702023044.0,1702023046.0,1702023066.0,66406086.0,1702023045.0,1702023251.0,1702023240.0,1702023244.0,35823856.0,1702023251.0,1702023256.0,5.0,,1.0,206.0,5.0,20.0,868270653.0,4.0,159589810.0,poseidon,condorpool,poseidon-worker-2-container-24-27,bcftools,/opt/software/install/bcftools/1.15.1/bin/bcftools,,166.0,0,0,0.1,501013609.0,158306458.0,54344.0,11150.0,164.4,0.3,1518223.1,479716.5
bcftools_ID0000010,None,compute,0,1702023044.0,,,1702023049.0,1702023051.0,1702023068.0,55418904.7,1702023050.0,1702023089.0,1702023077.0,1702023080.0,563.0,1702023089.0,1702023094.0,5.0,,1.0,39.0,5.0,17.0,512392654.0,3.0,1715.0,poseidon,condorpool,poseidon-worker-2-container-28-31,bcftools,/opt/software/install/bcftools/1.15.1/bin/bcftools,,3.3,0,0,,,,,,,,,
bcftools_ID0000175,None,compute,0,1702023049.0,,,1702023054.0,1702023057.0,1702023076.0,40270408.3,1702023055.0,1702023099.0,1702023089.0,1702023092.0,518.0,1702023099.0,1702023104.0,5.0,,1.0,44.0,5.0,19.0,512392944.0,3.0,1716.0,poseidon,condorpool,poseidon-worker-1-container-12-15,bcftools,/opt/software/install/bcftools/1.15.1/bin/bcftools,,3.5,0,0,0.0,144077183.0,0.0,23536.0,0.0,3.3,0.1,14407718.3,
bcftools_ID0000043,None,compute,0,1702023049.0,,,1702023054.0,1702023057.0,1702023077.0,38066403.2,1702023055.0,1702023099.0,1702023088.0,1702023092.0,515.0,1702023099.0,1702023104.0,5.0,,1.0,44.0,5.0,20.0,512392656.0,4.0,1715.0,poseidon,condorpool,poseidon-worker-1-container-28-31,bcftools,/opt/software/install/bcftools/1.15.1/bin/bcftools,,3.3,0,0,0.0,144078264.0,0.0,23539.0,0.0,3.3,0.0,14407826.4,
register_condorpool_3_3,None,auxiliary,0,1702023054.0,,,1702023059.0,,,0.0,1702023060.0,1702023064.0,,,0.0,1702023064.0,1702023069.0,5.0,,1.0,4.0,5.0,,,,,poseidon,local,poseidon-submit,pegasus::rc-client,/mnt/poseidon-data/poseidon/pegasus-5.1.0panorama/bin/pegasus-rc-client,"-n pegasus::rc-client -N null -R local  -L variant-calling -T 2023-11-15T22:51:21+00:00 /home/poseidon/pegasus-5.1.0panorama/bin/pegasus-rc-client --prefix pegasus.catalog.replica.output --conf /mnt/poseidon-data/poseidon/workflows/variant-calling-pegasus-workflow/submit/poseidon/pegasus/variant-calling/run0335/pegasus.12663276954980669191.properties -v --meta /mnt/poseidon-data/poseidon/workflows/variant-calling-pegasus-workflow/submit/poseidon/pegasus/variant-calling/run0335/00/03/bcftools_ID0000240.meta,/mnt/poseidon-data/poseidon/workflows/variant-calling-pegasus-workflow/submit/poseidon/pegasus/variant-calling/run0335/00/03/bcftools_ID0000086.meta,/mnt/poseidon-data/poseidon/workflows/variant-calling-pegasus-workflow/submit/poseidon/pegasus/variant-calling/run0335/00/04/bcftools_ID0000141.meta,/mnt/poseidon-data/poseidon/workflows/variant-calling-pegasus-workflow/submit/poseidon/pegasus/variant-calling/run0335/00/03/bcftools_ID0000229.meta,/mnt/poseidon-data/poseidon/workflows/variant-calling-pegasus-workflow/submit/poseidon/pegasus/variant-calling/run0335/00/04/bcftools_ID0000075.meta,/mnt/poseidon-data/poseidon/workflows/variant-calling-pegasus-workflow/submit/poseidon/pegasus/variant-calling/run0335/00/04/bcftools_ID0000174.meta,/mnt/poseidon-data/poseidon/workflows/variant-calling-pegasus-workflow/submit/poseidon/pegasus/variant-calling/run0335/00/03/bcftools_ID0000064.meta,/mnt/poseidon-data/poseidon/workflows/variant-calling-pegasus-workflow/submit/poseidon/pegasus/variant-calling/run0335/00/03/bcftools_ID0000251.meta,/mnt/poseidon-data/poseidon/workflows/variant-calling-pegasus-workflow/submit/poseidon/pegasus/variant-calling/run0335/00/04/bcftools_ID0000152.meta,/mnt/poseidon-data/poseidon/workflows/variant-calling-pegasus-workflow/submit/poseidon/pegasus/variant-calling/run0335/00/04/bcftools_ID0000163.meta --insert /mnt/poseidon-data/poseidon/workflows/variant-calling-pegasus-workflow/submit/poseidon/pegasus/variant-calling/run0335/00/04/register_condorpool_3_3.in",2.8,0,0,,,,,,,,,
bcftools_ID0000208,None,compute,0,1702023054.0,,,1702023059.0,1702023061.0,1702023076.0,67776082.3,1702023059.0,1702023094.0,1702023085.0,1702023088.0,517.0,1702023094.0,1702023099.0,5.0,,0.0,35.0,5.0,15.0,512392942.0,3.0,1717.0,poseidon,condorpool,poseidon-worker-2-container-44-47,bcftools,/opt/software/install/bcftools/1.15.1/bin/bcftools,,3.2,0,0,,,,,,,,,
bcftools_ID0000153,None,compute,0,1702023054.0,,,1702023059.0,1702023061.0,1702023076.0,64592091.0,1702023059.0,1702023094.0,1702023085.0,1702023088.0,561.0,1702023094.0,1702023099.0,5.0,,0.0,35.0,5.0,15.0,512392944.0,3.0,1716.0,poseidon,condorpool,poseidon-worker-2-container-36-39,bcftools,/opt/software/install/bcftools/1.15.1/bin/bcftools,,3.4,0,0,,,,,,,,,
bcftools_ID0000247,None,compute,0,1702023054.0,,,1702023059.0,1702023061.0,1702023076.0,66835794.7,1702023059.0,1702023099.0,1702023085.0,1702023088.0,8578.0,1702023099.0,1702023104.0,5.0,,0.0,40.0,5.0,15.0,528098739.0,3.0,26431.0,poseidon,condorpool,poseidon-worker-2-container-4-7,bcftools,/opt/software/install/bcftools/1.15.1/bin/bcftools,,3.6,0,0,,,,,,,,,
register_condorpool_2_3,None,auxiliary,0,1702023059.0,,,1702023099.0,,,0.0,1702023102.0,1702023104.0,,,0.0,1702023104.0,1702023109.0,40.0,,3.0,2.0,5.0,,,,,poseidon,local,poseidon-submit,pegasus::rc-client,/mnt/poseidon-data/poseidon/pegasus-5.1.0panorama/bin/pegasus-rc-client,"-n pegasus::rc-client -N null -R local  -L variant-calling -T 2023-11-15T22:51:21+00:00 /home/poseidon/pegasus-5.1.0panorama/bin/pegasus-rc-client --prefix pegasus.catalog.replica.output --conf /mnt/poseidon-data/poseidon/workflows/variant-calling-pegasus-workflow/submit/poseidon/pegasus/variant-calling/run0335/pegasus.12663276954980669191.properties -v --meta /mnt/poseidon-data/poseidon/workflows/variant-calling-pegasus-workflow/submit/poseidon/pegasus/variant-calling/run0335/00/03/samtools_ID0000019.meta,/mnt/poseidon-data/poseidon/workflows/variant-calling-pegasus-workflow/submit/poseidon/pegasus/variant-calling/run0335/00/02/samtools_ID0000052.meta,/mnt/poseidon-data/poseidon/workflows/variant-calling-pegasus-workflow/submit/poseidon/pegasus/variant-calling/run0335/00/02/samtools_ID0000003.meta,/mnt/poseidon-data/poseidon/workflows/variant-calling-pegasus-workflow/submit/poseidon/pegasus/variant-calling/run0335/00/02/samtools_ID0000129.meta,/mnt/poseidon-data/poseidon/workflows/variant-calling-pegasus-workflow/submit/poseidon/pegasus/variant-calling/run0335/00/02/samtools_ID0000041.meta,/mnt/poseidon-data/poseidon/workflows/variant-calling-pegasus-workflow/submit/poseidon/pegasus/variant-calling/run0335/00/02/samtools_ID0000316.meta,/mnt/poseidon-data/poseidon/workflows/variant-calling-pegasus-workflow/submit/poseidon/pegasus/variant-calling/run0335/00/02/samtools_ID0000212.meta,/mnt/poseidon-data/poseidon/workflows/variant-calling-pegasus-workflow/submit/poseidon/pegasus/variant-calling/run0335/00/02/samtools_ID0000179.meta,/mnt/poseidon-data/poseidon/workflows/variant-calling-pegasus-workflow/submit/poseidon/pegasus/variant-calling/run0335/00/03/samtools_ID0000030.meta,/mnt/poseidon-data/poseidon/workflows/variant-calling-pegasus-workflow/submit/poseidon/pegasus/variant-calling/run0335/00/02/samtools_ID0000201.meta,/mnt/poseidon-data/poseidon/workflows/variant-calling-pegasus-workflow/submit/poseidon/pegasus/variant-calling/run0335/00/02/samtools_ID0000118.meta,/mnt/poseidon-data/poseidon/workflows/variant-calling-pegasus-workflow/submit/poseidon/pegasus/variant-calling/run0335/00/02/samtools_ID0000322.meta,/mnt/poseidon-data/poseidon/workflows/variant-calling-pegasus-workflow/submit/poseidon/pegasus/variant-calling/run0335/00/02/samtools_ID0000278.meta,/mnt/poseidon-data/poseidon/workflows/variant-calling-pegasus-workflow/submit/poseidon/pegasus/variant-calling/run0335/00/02/samtools_ID0000107.meta,/mnt/poseidon-data/poseidon/workflows/variant-calling-pegasus-workflow/submit/poseidon/pegasus/variant-calling/run0335/00/02/samtools_ID0000091.meta,/mnt/poseidon-data/poseidon/workflows/variant-calling-pegasus-workflow/submit/poseidon/pegasus/variant-calling/run0335/00/03/samtools_ID0000256.meta,/mnt/poseidon-data/poseidon/workflows/variant-calling-pegasus-workflow/submit/poseidon/pegasus/variant-calling/run0335/00/02/samtools_ID0000289.meta,/mnt/poseidon-data/poseidon/workflows/variant-calling-pegasus-workflow/submit/poseidon/pegasus/variant-calling/run0335/00/02/samtools_ID0000305.meta,/mnt/poseidon-data/poseidon/workflows/variant-calling-pegasus-workflow/submit/poseidon/pegasus/variant-calling/run0335/00/02/samtools_ID0000190.meta,/mnt/poseidon-data/poseidon/workflows/variant-calling-pegasus-workflow/submit/poseidon/pegasus/variant-calling/run0335/00/03/samtools_ID0000267.meta --insert /mnt/poseidon-data/poseidon/workflows/variant-calling-pegasus-workflow/submit/poseidon/pegasus/variant-calling/run0335/00/03/register_condorpool_2_3.in",2.9,0,0,,,,,,,,,
bcftools_ID0000037,None,compute,0,1702023059.0,,,1702023064.0,1702023066.0,1702023083.0,90130873.4,1702023064.0,1702023276.0,1702023265.0,1702023270.0,35407811.0,1702023276.0,1702023281.0,5.0,,0.0,212.0,5.0,17.0,868270652.0,5.0,159589630.0,poseidon,condorpool,poseidon-worker-1-container-36-39,bcftools,/opt/software/install/bcftools/1.15.1/bin/bcftools,,168.7,0,0,0.1,490275022.0,154761453.0,53396.0,10892.0,163.6,0.5,1441985.4,455180.7
register_condorpool_2_2,None,auxiliary,0,1702023059.0,,,1702023089.0,,,0.0,1702023090.0,1702023094.0,,,0.0,1702023094.0,1702023099.0,30.0,,1.0,4.0,5.0,,,,,poseidon,local,poseidon-submit,pegasus::rc-client,/mnt/poseidon-data/poseidon/pegasus-5.1.0panorama/bin/pegasus-rc-client,"-n pegasus::rc-client -N null -R local  -L variant-calling -T 2023-11-15T22:51:21+00:00 /home/poseidon/pegasus-5.1.0panorama/bin/pegasus-rc-client --prefix pegasus.catalog.replica.output --conf /mnt/poseidon-data/poseidon/workflows/variant-calling-pegasus-workflow/submit/poseidon/pegasus/variant-calling/run0335/pegasus.12663276954980669191.properties -v --meta /mnt/poseidon-data/poseidon/workflows/variant-calling-pegasus-workflow/submit/poseidon/pegasus/variant-calling/run0335/00/03/samtools_ID0000019.meta,/mnt/poseidon-data/poseidon/workflows/variant-calling-pegasus-workflow/submit/poseidon/pegasus/variant-calling/run0335/00/02/samtools_ID0000052.meta,/mnt/poseidon-data/poseidon/workflows/variant-calling-pegasus-workflow/submit/poseidon/pegasus/variant-calling/run0335/00/02/samtools_ID0000003.meta,/mnt/poseidon-data/poseidon/workflows/variant-calling-pegasus-workflow/submit/poseidon/pegasus/variant-calling/run0335/00/02/samtools_ID0000129.meta,/mnt/poseidon-data/poseidon/workflows/variant-calling-pegasus-workflow/submit/poseidon/pegasus/variant-calling/run0335/00/02/samtools_ID0000041.meta,/mnt/poseidon-data/poseidon/workflows/variant-calling-pegasus-workflow/submit/poseidon/pegasus/variant-calling/run0335/00/02/samtools_ID0000316.meta,/mnt/poseidon-data/poseidon/workflows/variant-calling-pegasus-workflow/submit/poseidon/pegasus/variant-calling/run0335/00/02/samtools_ID0000212.meta,/mnt/poseidon-data/poseidon/workflows/variant-calling-pegasus-workflow/submit/poseidon/pegasus/variant-calling/run0335/00/02/samtools_ID0000179.meta,/mnt/poseidon-data/poseidon/workflows/variant-calling-pegasus-workflow/submit/poseidon/pegasus/variant-calling/run0335/00/03/samtools_ID0000030.meta,/mnt/poseidon-data/poseidon/workflows/variant-calling-pegasus-workflow/submit/poseidon/pegasus/variant-calling/run0335/00/02/samtools_ID0000201.meta,/mnt/poseidon-data/poseidon/workflows/variant-calling-pegasus-workflow/submit/poseidon/pegasus/variant-calling/run0335/00/02/samtools_ID0000118.meta,/mnt/poseidon-data/poseidon/workflows/variant-calling-pegasus-workflow/submit/poseidon/pegasus/variant-calling/run0335/00/02/samtools_ID0000322.meta,/mnt/poseidon-data/poseidon/workflows/variant-calling-pegasus-workflow/submit/poseidon/pegasus/variant-calling/run0335/00/02/samtools_ID0000278.meta,/mnt/poseidon-data/poseidon/workflows/variant-calling-pegasus-workflow/submit/poseidon/pegasus/variant-calling/run0335/00/02/samtools_ID0000107.meta,/mnt/poseidon-data/poseidon/workflows/variant-calling-pegasus-workflow/submit/poseidon/pegasus/variant-calling/run0335/00/02/samtools_ID0000091.meta,/mnt/poseidon-data/poseidon/workflows/variant-calling-pegasus-workflow/submit/poseidon/pegasus/variant-calling/run0335/00/03/samtools_ID0000256.meta,/mnt/poseidon-data/poseidon/workflows/variant-calling-pegasus-workflow/submit/poseidon/pegasus/variant-calling/run0335/00/02/samtools_ID0000289.meta,/mnt/poseidon-data/poseidon/workflows/variant-calling-pegasus-workflow/submit/poseidon/pegasus/variant-calling/run0335/00/02/samtools_ID0000305.meta,/mnt/poseidon-data/poseidon/workflows/variant-calling-pegasus-workflow/submit/poseidon/pegasus/variant-calling/run0335/00/02/samtools_ID0000190.meta,/mnt/poseidon-data/poseidon/workflows/variant-calling-pegasus-workflow/submit/poseidon/pegasus/variant-calling/run0335/00/03/samtools_ID0000267.meta --insert /mnt/poseidon-data/poseidon/workflows/variant-calling-pegasus-workflow/submit/poseidon/pegasus/variant-calling/run0335/00/03/register_condorpool_2_2.in",2.9,0,0,,,,,,,,,
register_condorpool_2_1,None,auxiliary,0,1702023059.0,,,1702023079.0,,,0.0,1702023079.0,1702023084.0,,,0.0,1702023084.0,1702023089.0,20.0,,0.0,5.0,5.0,,,,,poseidon,local,poseidon-submit,pegasus::rc-client,/mnt/poseidon-data/poseidon/pegasus-5.1.0panorama/bin/pegasus-rc-client,"-n pegasus::rc-client -N null -R local  -L variant-calling -T 2023-11-15T22:51:21+00:00 /home/poseidon/pegasus-5.1.0panorama/bin/pegasus-rc-client --prefix pegasus.catalog.replica.output --conf /mnt/poseidon-data/poseidon/workflows/variant-calling-pegasus-workflow/submit/poseidon/pegasus/variant-calling/run0335/pegasus.12663276954980669191.properties -v --meta /mnt/poseidon-data/poseidon/workflows/variant-calling-pegasus-workflow/submit/poseidon/pegasus/variant-calling/run0335/00/02/samtools_ID0000311.meta,/mnt/poseidon-data/poseidon/workflows/variant-calling-pegasus-workflow/submit/poseidon/pegasus/variant-calling/run0335/00/03/samtools_ID0000151.meta,/mnt/poseidon-data/poseidon/workflows/variant-calling-pegasus-workflow/submit/poseidon/pegasus/variant-calling/run0335/00/01/samtools_ID0000113.meta,/mnt/poseidon-data/poseidon/workflows/variant-calling-pegasus-workflow/submit/poseidon/pegasus/variant-calling/run0335/00/02/samtools_ID0000102.meta,/mnt/poseidon-data/poseidon/workflows/variant-calling-pegasus-workflow/submit/poseidon/pegasus/variant-calling/run0335/00/02/samtools_ID0000162.meta,/mnt/poseidon-data/poseidon/workflows/variant-calling-pegasus-workflow/submit/poseidon/pegasus/variant-calling/run0335/00/02/samtools_ID0000239.meta,/mnt/poseidon-data/poseidon/workflows/variant-calling-pegasus-workflow/submit/poseidon/pegasus/variant-calling/run0335/00/02/samtools_ID0000250.meta,/mnt/poseidon-data/poseidon/workflows/variant-calling-pegasus-workflow/submit/poseidon/pegasus/variant-calling/run0335/00/02/samtools_ID0000300.meta,/mnt/poseidon-data/poseidon/workflows/variant-calling-pegasus-workflow/submit/poseidon/pegasus/variant-calling/run0335/00/02/samtools_ID0000124.meta,/mnt/poseidon-data/poseidon/workflows/variant-calling-pegasus-workflow/submit/poseidon/pegasus/variant-calling/run0335/00/02/samtools_ID0000047.meta,/mnt/poseidon-data/poseidon/workflows/variant-calling-pegasus-workflow/submit/poseidon/pegasus/variant-calling/run0335/00/03/samtools_ID0000025.meta,/mnt/poseidon-data/poseidon/workflows/variant-calling-pegasus-workflow/submit/poseidon/pegasus/variant-calling/run0335/00/02/samtools_ID0000096.meta,/mnt/poseidon-data/poseidon/workflows/variant-calling-pegasus-workflow/submit/poseidon/pegasus/variant-calling/run0335/00/02/samtools_ID0000063.meta,/mnt/poseidon-data/poseidon/workflows/variant-calling-pegasus-workflow/submit/poseidon/pegasus/variant-calling/run0335/00/02/samtools_ID0000228.meta,/mnt/poseidon-data/poseidon/workflows/variant-calling-pegasus-workflow/submit/poseidon/pegasus/variant-calling/run0335/00/02/samtools_ID0000173.meta,/mnt/poseidon-data/poseidon/workflows/variant-calling-pegasus-workflow/submit/poseidon/pegasus/variant-calling/run0335/00/02/samtools_ID0000074.meta,/mnt/poseidon-data/poseidon/workflows/variant-calling-pegasus-workflow/submit/poseidon/pegasus/variant-calling/run0335/00/03/samtools_ID0000014.meta,/mnt/poseidon-data/poseidon/workflows/variant-calling-pegasus-workflow/submit/poseidon/pegasus/variant-calling/run0335/00/02/samtools_ID0000036.meta,/mnt/poseidon-data/poseidon/workflows/variant-calling-pegasus-workflow/submit/poseidon/pegasus/variant-calling/run0335/00/03/samtools_ID0000140.meta,/mnt/poseidon-data/poseidon/workflows/variant-calling-pegasus-workflow/submit/poseidon/pegasus/variant-calling/run0335/00/02/samtools_ID0000085.meta --insert /mnt/poseidon-data/poseidon/workflows/variant-calling-pegasus-workflow/submit/poseidon/pegasus/variant-calling/run0335/00/03/register_condorpool_2_1.in",2.9,0,0,,,,,,,,,
vcfutils_ID0000149,None,compute,0,1702023059.0,,,1702023064.0,1702023066.0,1702023079.0,58280473.6,1702023064.0,1702023099.0,1702023088.0,1702023092.0,7876.0,1702023099.0,1702023104.0,5.0,,0.0,35.0,5.0,13.0,368535358.0,4.0,26422.0,poseidon,condorpool,poseidon-worker-1-container-12-15,vcfutils,/opt/software/install/bcftools/1.15.1/bin/vcfutils.pl,,0.0,0,0,,,,,,,,,
bcftools_ID0000202,None,compute,0,1702023059.0,,,1702023064.0,1702023066.0,1702023084.0,81961078.3,1702023064.0,1702023281.0,1702023268.0,1702023272.0,35509347.0,1702023281.0,1702023286.0,5.0,,0.0,217.0,5.0,18.0,868270653.0,4.0,159589810.0,poseidon,condorpool,poseidon-worker-1-container-36-39,bcftools,/opt/software/install/bcftools/1.15.1/bin/bcftools,,169.9,0,0,0.1,501813377.0,158557750.0,54667.0,11168.0,168.1,0.8,1433752.5,453022.1
bcftools_ID0000004,None,compute,0,1702023059.0,,,1702023064.0,1702023071.0,1702023092.0,65490723.3,1702023070.0,1702023286.0,1702023274.0,1702023279.0,35456068.0,1702023286.0,1702023292.0,5.0,,6.0,216.0,6.0,21.0,868270652.0,5.0,159589631.0,poseidon,condorpool,poseidon-worker-1-container-44-47,bcftools,/opt/software/install/bcftools/1.15.1/bin/bcftools,,169.1,0,0,0.0,489795132.0,154619913.0,53261.0,10882.0,163.6,0.7,1440573.9,454764.5
register_condorpool_2_0,None,auxiliary,0,1702023059.0,,,1702023069.0,,,0.0,1702023072.0,1702023074.0,,,0.0,1702023074.0,1702023079.0,10.0,,3.0,2.0,5.0,,,,,poseidon,local,poseidon-submit,pegasus::rc-client,/mnt/poseidon-data/poseidon/pegasus-5.1.0panorama/bin/pegasus-rc-client,"-n pegasus::rc-client -N null -R local  -L variant-calling -T 2023-11-15T22:51:21+00:00 /home/poseidon/pegasus-5.1.0panorama/bin/pegasus-rc-client --prefix pegasus.catalog.replica.output --conf /mnt/poseidon-data/poseidon/workflows/variant-calling-pegasus-workflow/submit/poseidon/pegasus/variant-calling/run0335/pegasus.12663276954980669191.properties -v --meta /mnt/poseidon-data/poseidon/workflows/variant-calling-pegasus-workflow/submit/poseidon/pegasus/variant-calling/run0335/00/02/samtools_ID0000311.meta,/mnt/poseidon-data/poseidon/workflows/variant-calling-pegasus-workflow/submit/poseidon/pegasus/variant-calling/run0335/00/03/samtools_ID0000151.meta,/mnt/poseidon-data/poseidon/workflows/variant-calling-pegasus-workflow/submit/poseidon/pegasus/variant-calling/run0335/00/01/samtools_ID0000113.meta,/mnt/poseidon-data/poseidon/workflows/variant-calling-pegasus-workflow/submit/poseidon/pegasus/variant-calling/run0335/00/02/samtools_ID0000102.meta,/mnt/poseidon-data/poseidon/workflows/variant-calling-pegasus-workflow/submit/poseidon/pegasus/variant-calling/run0335/00/02/samtools_ID0000162.meta,/mnt/poseidon-data/poseidon/workflows/variant-calling-pegasus-workflow/submit/poseidon/pegasus/variant-calling/run0335/00/02/samtools_ID0000239.meta,/mnt/poseidon-data/poseidon/workflows/variant-calling-pegasus-workflow/submit/poseidon/pegasus/variant-calling/run0335/00/02/samtools_ID0000250.meta,/mnt/poseidon-data/poseidon/workflows/variant-calling-pegasus-workflow/submit/poseidon/pegasus/variant-calling/run0335/00/02/samtools_ID0000300.meta,/mnt/poseidon-data/poseidon/workflows/variant-calling-pegasus-workflow/submit/poseidon/pegasus/variant-calling/run0335/00/02/samtools_ID0000124.meta,/mnt/poseidon-data/poseidon/workflows/variant-calling-pegasus-workflow/submit/poseidon/pegasus/variant-calling/run0335/00/02/samtools_ID0000047.meta,/mnt/poseidon-data/poseidon/workflows/variant-calling-pegasus-workflow/submit/poseidon/pegasus/variant-calling/run0335/00/03/samtools_ID0000025.meta,/mnt/poseidon-data/poseidon/workflows/variant-calling-pegasus-workflow/submit/poseidon/pegasus/variant-calling/run0335/00/02/samtools_ID0000096.meta,/mnt/poseidon-data/poseidon/workflows/variant-calling-pegasus-workflow/submit/poseidon/pegasus/variant-calling/run0335/00/02/samtools_ID0000063.meta,/mnt/poseidon-data/poseidon/workflows/variant-calling-pegasus-workflow/submit/poseidon/pegasus/variant-calling/run0335/00/02/samtools_ID0000228.meta,/mnt/poseidon-data/poseidon/workflows/variant-calling-pegasus-workflow/submit/poseidon/pegasus/variant-calling/run0335/00/02/samtools_ID0000173.meta,/mnt/poseidon-data/poseidon/workflows/variant-calling-pegasus-workflow/submit/poseidon/pegasus/variant-calling/run0335/00/02/samtools_ID0000074.meta,/mnt/poseidon-data/poseidon/workflows/variant-calling-pegasus-workflow/submit/poseidon/pegasus/variant-calling/run0335/00/03/samtools_ID0000014.meta,/mnt/poseidon-data/poseidon/workflows/variant-calling-pegasus-workflow/submit/poseidon/pegasus/variant-calling/run0335/00/02/samtools_ID0000036.meta,/mnt/poseidon-data/poseidon/workflows/variant-calling-pegasus-workflow/submit/poseidon/pegasus/variant-calling/run0335/00/03/samtools_ID0000140.meta,/mnt/poseidon-data/poseidon/workflows/variant-calling-pegasus-workflow/submit/poseidon/pegasus/variant-calling/run0335/00/02/samtools_ID0000085.meta --insert /mnt/poseidon-data/poseidon/workflows/variant-calling-pegasus-workflow/submit/poseidon/pegasus/variant-calling/run0335/00/03/register_condorpool_2_0.in",2.9,0,0,,,,,,,,,
bcftools_ID0000312,None,compute,0,1702023059.0,,,1702023064.0,1702023071.0,1702023089.0,80263417.0,1702023070.0,1702023271.0,1702023259.0,1702023264.0,35642811.0,1702023271.0,1702023276.0,5.0,,6.0,201.0,5.0,18.0,868270653.0,5.0,159589810.0,poseidon,condorpool,poseidon-worker-2-container-40-43,bcftools,/opt/software/install/bcftools/1.15.1/bin/bcftools,,162.6,0,0,0.1,496080697.0,156689465.0,53836.0,11030.0,159.2,0.6,1550252.2,489654.6
bcftools_ID0000329,None,compute,0,1702023079.0,,,1702023084.0,1702023087.0,1702023101.0,71510973.5,1702023085.0,1702023119.0,1702023110.0,1702023113.0,564.0,1702023119.0,1702023125.0,5.0,,1.0,34.0,6.0,14.0,512392945.0,3.0,1717.0,poseidon,condorpool,poseidon-worker-2-container-40-43,bcftools,/opt/software/install/bcftools/1.15.1/bin/bcftools,,3.3,0,0,,,,,,,,,
bcftools_ID0000302,None,compute,0,1702023084.0,,,1702023089.0,1702023091.0,1702023106.0,66445886.9,1702023089.0,1702023125.0,1702023116.0,1702023119.0,8673.0,1702023125.0,1702023130.0,5.0,,0.0,36.0,5.0,15.0,528098740.0,3.0,26431.0,poseidon,condorpool,poseidon-worker-2-container-28-31,bcftools,/opt/software/install/bcftools/1.15.1/bin/bcftools,,3.6,0,0,,,,,,,,,
bcftools_ID0000049,None,compute,0,1702023084.0,,,1702023089.0,1702023091.0,1702023106.0,67094877.9,1702023089.0,1702023125.0,1702023115.0,1702023118.0,8663.0,1702023125.0,1702023130.0,5.0,,0.0,36.0,5.0,15.0,528098559.0,3.0,26430.0,poseidon,condorpool,poseidon-worker-2-container-28-31,bcftools,/opt/software/install/bcftools/1.15.1/bin/bcftools,,3.5,0,0,,,,,,,,,
bcftools_ID0000159,None,compute,0,1702023089.0,,,1702023094.0,1702023096.0,1702023111.0,67686762.3,1702023094.0,1702023135.0,1702023125.0,1702023128.0,8613.0,1702023135.0,1702023140.0,5.0,,0.0,41.0,5.0,15.0,528098741.0,3.0,26430.0,poseidon,condorpool,poseidon-worker-1-container-16-19,bcftools,/opt/software/install/bcftools/1.15.1/bin/bcftools,,3.6,0,0,,,,,,,,,
vcfutils_ID0000011,None,compute,0,1702023094.0,,,1702023099.0,1702023101.0,1702023121.0,31183308.8,1702023100.0,1702023135.0,1702023126.0,1702023129.0,564.0,1702023135.0,1702023140.0,5.0,,1.0,35.0,5.0,20.0,368510643.0,3.0,1714.0,poseidon,condorpool,poseidon-worker-1-container-28-31,vcfutils,/opt/software/install/bcftools/1.15.1/bin/vcfutils.pl,,0.0,0,0,,,,,,,,,
vcfutils_ID0000209,None,compute,0,1702023099.0,,,1702023104.0,1702023107.0,1702023120.0,61301092.0,1702023105.0,1702023135.0,1702023125.0,1702023128.0,565.0,1702023135.0,1702023140.0,5.0,,1.0,30.0,5.0,13.0,368510645.0,3.0,1716.0,poseidon,condorpool,poseidon-worker-2-container-36-39,vcfutils,/opt/software/install/bcftools/1.15.1/bin/vcfutils.pl,,0.0,0,0,,,,,,,,,
bcftools_ID0000296,None,compute,0,1702023099.0,,,1702023104.0,1702023107.0,1702023121.0,75292882.2,1702023105.0,1702023140.0,1702023130.0,1702023133.0,560.0,1702023140.0,1702023145.0,5.0,,1.0,35.0,5.0,14.0,512392942.0,3.0,1717.0,poseidon,condorpool,poseidon-worker-2-container-4-7,bcftools,/opt/software/install/bcftools/1.15.1/bin/bcftools,,3.3,0,0,,,,,,,,,
bcftools_ID0000109,None,compute,0,1702023099.0,,,1702023104.0,1702023107.0,1702023121.0,76247451.6,1702023105.0,1702023140.0,1702023129.0,1702023132.0,560.0,1702023140.0,1702023145.0,5.0,,1.0,35.0,5.0,14.0,512392653.0,3.0,1716.0,poseidon,condorpool,poseidon-worker-2-container-44-47,bcftools,/opt/software/install/bcftools/1.15.1/bin/bcftools,,3.2,0,0,,,,,,,,,
register_condorpool_3_1,None,auxiliary,0,1702023099.0,,,1702023125.0,,,0.0,1702023125.0,1702023130.0,,,0.0,1702023130.0,1702023135.0,26.0,,0.0,5.0,5.0,,,,,poseidon,local,poseidon-submit,pegasus::rc-client,/mnt/poseidon-data/poseidon/pegasus-5.1.0panorama/bin/pegasus-rc-client,"-n pegasus::rc-client -N null -R local  -L variant-calling -T 2023-11-15T22:51:21+00:00 /home/poseidon/pegasus-5.1.0panorama/bin/pegasus-rc-client --prefix pegasus.catalog.replica.output --conf /mnt/poseidon-data/poseidon/workflows/variant-calling-pegasus-workflow/submit/poseidon/pegasus/variant-calling/run0335/pegasus.12663276954980669191.properties -v --meta /mnt/poseidon-data/poseidon/workflows/variant-calling-pegasus-workflow/submit/poseidon/pegasus/variant-calling/run0335/00/04/bcftools_ID0000042.meta,/mnt/poseidon-data/poseidon/workflows/variant-calling-pegasus-workflow/submit/poseidon/pegasus/variant-calling/run0335/00/03/bcftools_ID0000108.meta,/mnt/poseidon-data/poseidon/workflows/variant-calling-pegasus-workflow/submit/poseidon/pegasus/variant-calling/run0335/00/03/bcftools_ID0000317.meta,/mnt/poseidon-data/poseidon/workflows/variant-calling-pegasus-workflow/submit/poseidon/pegasus/variant-calling/run0335/00/04/bcftools_ID0000031.meta,/mnt/poseidon-data/poseidon/workflows/variant-calling-pegasus-workflow/submit/poseidon/pegasus/variant-calling/run0335/00/03/bcftools_ID0000306.meta,/mnt/poseidon-data/poseidon/workflows/variant-calling-pegasus-workflow/submit/poseidon/pegasus/variant-calling/run0335/00/04/bcftools_ID0000020.meta,/mnt/poseidon-data/poseidon/workflows/variant-calling-pegasus-workflow/submit/poseidon/pegasus/variant-calling/run0335/00/03/bcftools_ID0000130.meta,/mnt/poseidon-data/poseidon/workflows/variant-calling-pegasus-workflow/submit/poseidon/pegasus/variant-calling/run0335/00/04/bcftools_ID0000053.meta,/mnt/poseidon-data/poseidon/workflows/variant-calling-pegasus-workflow/submit/poseidon/pegasus/variant-calling/run0335/00/03/bcftools_ID0000119.meta,/mnt/poseidon-data/poseidon/workflows/variant-calling-pegasus-workflow/submit/poseidon/pegasus/variant-calling/run0335/00/03/bcftools_ID0000092.meta --insert /mnt/poseidon-data/poseidon/workflows/variant-calling-pegasus-workflow/submit/poseidon/pegasus/variant-calling/run0335/00/04/register_condorpool_3_1.in",2.7,0,0,,,,,,,,,
vcfutils_ID0000154,None,compute,0,1702023099.0,,,1702023104.0,1702023107.0,1702023124.0,57833853.8,1702023105.0,1702023140.0,1702023130.0,1702023133.0,563.0,1702023140.0,1702023145.0,5.0,,1.0,35.0,5.0,17.0,368510644.0,3.0,1715.0,poseidon,condorpool,poseidon-worker-1-container-12-15,vcfutils,/opt/software/install/bcftools/1.15.1/bin/vcfutils.pl,,0.0,0,0,,,,,,,,,
register_condorpool_3_5,None,auxiliary,0,1702023099.0,,,1702023135.0,,,0.0,1702023135.0,1702023140.0,,,0.0,1702023140.0,1702023145.0,36.0,,0.0,5.0,5.0,,,,,poseidon,local,poseidon-submit,pegasus::rc-client,/mnt/poseidon-data/poseidon/pegasus-5.1.0panorama/bin/pegasus-rc-client,"-n pegasus::rc-client -N null -R local  -L variant-calling -T 2023-11-15T22:51:21+00:00 /home/poseidon/pegasus-5.1.0panorama/bin/pegasus-rc-client --prefix pegasus.catalog.replica.output --conf /mnt/poseidon-data/poseidon/workflows/variant-calling-pegasus-workflow/submit/poseidon/pegasus/variant-calling/run0335/pegasus.12663276954980669191.properties -v --meta /mnt/poseidon-data/poseidon/workflows/variant-calling-pegasus-workflow/submit/poseidon/pegasus/variant-calling/run0335/00/04/bcftools_ID0000273.meta,/mnt/poseidon-data/poseidon/workflows/variant-calling-pegasus-workflow/submit/poseidon/pegasus/variant-calling/run0335/00/04/bcftools_ID0000196.meta,/mnt/poseidon-data/poseidon/workflows/variant-calling-pegasus-workflow/submit/poseidon/pegasus/variant-calling/run0335/00/03/bcftools_ID0000185.meta,/mnt/poseidon-data/poseidon/workflows/variant-calling-pegasus-workflow/submit/poseidon/pegasus/variant-calling/run0335/00/04/bcftools_ID0000295.meta,/mnt/poseidon-data/poseidon/workflows/variant-calling-pegasus-workflow/submit/poseidon/pegasus/variant-calling/run0335/00/04/bcftools_ID0000262.meta,/mnt/poseidon-data/poseidon/workflows/variant-calling-pegasus-workflow/submit/poseidon/pegasus/variant-calling/run0335/00/04/bcftools_ID0000284.meta,/mnt/poseidon-data/poseidon/workflows/variant-calling-pegasus-workflow/submit/poseidon/pegasus/variant-calling/run0335/00/03/bcftools_ID0000218.meta,/mnt/poseidon-data/poseidon/workflows/variant-calling-pegasus-workflow/submit/poseidon/pegasus/variant-calling/run0335/00/03/bcftools_ID0000328.meta,/mnt/poseidon-data/poseidon/workflows/variant-calling-pegasus-workflow/submit/poseidon/pegasus/variant-calling/run0335/00/03/bcftools_ID0000009.meta,/mnt/poseidon-data/poseidon/workflows/variant-calling-pegasus-workflow/submit/poseidon/pegasus/variant-calling/run0335/00/03/bcftools_ID0000207.meta --insert /mnt/poseidon-data/poseidon/workflows/variant-calling-pegasus-workflow/submit/poseidon/pegasus/variant-calling/run0335/00/04/register_condorpool_3_5.in",2.8,0,0,,,,,,,,,
bcftools_ID0000197,None,compute,0,1702023099.0,,,1702023104.0,1702023107.0,1702023126.0,62161055.3,1702023105.0,1702023145.0,1702023135.0,1702023138.0,566.0,1702023145.0,1702023150.0,5.0,,1.0,40.0,5.0,19.0,512392943.0,3.0,1716.0,poseidon,condorpool,poseidon-worker-1-container-40-43,bcftools,/opt/software/install/bcftools/1.15.1/bin/bcftools,,3.4,0,0,,,,,,,,,
register_condorpool_4_3,None,auxiliary,0,1702023104.0,,,1702023109.0,,,0.0,1702023113.0,1702023119.0,,,0.0,1702023119.0,1702023125.0,5.0,,4.0,6.0,6.0,,,,,poseidon,local,poseidon-submit,pegasus::rc-client,/mnt/poseidon-data/poseidon/pegasus-5.1.0panorama/bin/pegasus-rc-client,"-n pegasus::rc-client -N null -R local  -L variant-calling -T 2023-11-15T22:51:21+00:00 /home/poseidon/pegasus-5.1.0panorama/bin/pegasus-rc-client --prefix pegasus.catalog.replica.output --conf /mnt/poseidon-data/poseidon/workflows/variant-calling-pegasus-workflow/submit/poseidon/pegasus/variant-calling/run0335/pegasus.12663276954980669191.properties -v --meta /mnt/poseidon-data/poseidon/workflows/variant-calling-pegasus-workflow/submit/poseidon/pegasus/variant-calling/run0335/00/04/bcftools_ID0000241.meta,/mnt/poseidon-data/poseidon/workflows/variant-calling-pegasus-workflow/submit/poseidon/pegasus/variant-calling/run0335/00/05/bcftools_ID0000142.meta,/mnt/poseidon-data/poseidon/workflows/variant-calling-pegasus-workflow/submit/poseidon/pegasus/variant-calling/run0335/00/05/bcftools_ID0000164.meta,/mnt/poseidon-data/poseidon/workflows/variant-calling-pegasus-workflow/submit/poseidon/pegasus/variant-calling/run0335/00/04/bcftools_ID0000230.meta,/mnt/poseidon-data/poseidon/workflows/variant-calling-pegasus-workflow/submit/poseidon/pegasus/variant-calling/run0335/00/05/bcftools_ID0000065.meta,/mnt/poseidon-data/poseidon/workflows/variant-calling-pegasus-workflow/submit/poseidon/pegasus/variant-calling/run0335/00/05/bcftools_ID0000076.meta,/mnt/poseidon-data/poseidon/workflows/variant-calling-pegasus-workflow/submit/poseidon/pegasus/variant-calling/run0335/00/04/bcftools_ID0000252.meta,/mnt/poseidon-data/poseidon/workflows/variant-calling-pegasus-workflow/submit/poseidon/pegasus/variant-calling/run0335/00/05/bcftools_ID0000153.meta,/mnt/poseidon-data/poseidon/workflows/variant-calling-pegasus-workflow/submit/poseidon/pegasus/variant-calling/run0335/00/05/bcftools_ID0000087.meta,/mnt/poseidon-data/poseidon/workflows/variant-calling-pegasus-workflow/submit/poseidon/pegasus/variant-calling/run0335/00/05/bcftools_ID0000175.meta --insert /mnt/poseidon-data/poseidon/workflows/variant-calling-pegasus-workflow/submit/poseidon/pegasus/variant-calling/run0335/00/05/register_condorpool_4_3.in",2.8,0,0,,,,,,,,,
vcfutils_ID0000248,None,compute,0,1702023104.0,,,1702023109.0,1702023113.0,1702023131.0,33287947.2,1702023110.0,1702023150.0,1702023136.0,1702023139.0,8511.0,1702023150.0,1702023155.0,5.0,,1.0,40.0,5.0,18.0,368535359.0,3.0,26413.0,poseidon,condorpool,poseidon-worker-1-container-28-31,vcfutils,/opt/software/install/bcftools/1.15.1/bin/vcfutils.pl,,0.0,0,0,,,,,,,,,
vcfutils_ID0000044,None,compute,0,1702023104.0,,,1702023109.0,1702023113.0,1702023131.0,34259133.0,1702023110.0,1702023145.0,1702023136.0,1702023139.0,546.0,1702023145.0,1702023150.0,5.0,,1.0,35.0,5.0,18.0,368510643.0,3.0,1715.0,poseidon,condorpool,poseidon-worker-1-container-12-15,vcfutils,/opt/software/install/bcftools/1.15.1/bin/vcfutils.pl,,0.0,0,0,,,,,,,,,
vcfutils_ID0000176,None,compute,0,1702023104.0,,,1702023109.0,1702023121.0,1702023134.0,55943543.4,1702023119.0,1702023150.0,1702023140.0,1702023143.0,550.0,1702023150.0,1702023155.0,5.0,,10.0,31.0,5.0,13.0,368510644.0,3.0,1715.0,poseidon,condorpool,poseidon-worker-2-container-40-43,vcfutils,/opt/software/install/bcftools/1.15.1/bin/vcfutils.pl,,0.0,0,0,,,,,,,,,
vcfutils_ID0000330,None,compute,0,1702023125.0,,,1702023130.0,1702023132.0,1702023146.0,52496437.0,1702023131.0,1702023160.0,1702023152.0,1702023155.0,551.0,1702023160.0,1702023166.0,5.0,,1.0,29.0,6.0,14.0,368510645.0,3.0,1718.0,poseidon,condorpool,poseidon-worker-2-container-28-31,vcfutils,/opt/software/install/bcftools/1.15.1/bin/vcfutils.pl,,0.0,0,0,,,,,,,,,
vcfutils_ID0000303,None,compute,0,1702023130.0,,,1702023135.0,1702023138.0,1702023151.0,58373460.0,1702023136.0,1702023166.0,1702023156.0,1702023159.0,8497.0,1702023166.0,1702023171.0,5.0,,1.0,30.0,5.0,13.0,368535359.0,3.0,26413.0,poseidon,condorpool,poseidon-worker-2-container-28-31,vcfutils,/opt/software/install/bcftools/1.15.1/bin/vcfutils.pl,,0.0,0,0,,,,,,,,,
vcfutils_ID0000050,None,compute,0,1702023130.0,,,1702023135.0,1702023137.0,1702023150.0,58346229.2,1702023136.0,1702023166.0,1702023156.0,1702023159.0,8447.0,1702023166.0,1702023171.0,5.0,,1.0,30.0,5.0,13.0,368535358.0,3.0,26415.0,poseidon,condorpool,poseidon-worker-1-container-28-31,vcfutils,/opt/software/install/bcftools/1.15.1/bin/vcfutils.pl,,0.0,0,0,,,,,,,,,
vcfutils_ID0000160,None,compute,0,1702023140.0,,,1702023145.0,1702023147.0,1702023160.0,57731001.0,1702023145.0,1702023176.0,1702023165.0,1702023169.0,8621.0,1702023176.0,1702023181.0,5.0,,0.0,31.0,5.0,13.0,368535358.0,4.0,26423.0,poseidon,condorpool,poseidon-worker-1-container-16-19,vcfutils,/opt/software/install/bcftools/1.15.1/bin/vcfutils.pl,,0.0,0,0,,,,,,,,,
bcftools_ID0000181,None,compute,0,1702023140.0,,,1702023145.0,1702023147.0,1702023161.0,79077328.8,1702023145.0,1702023181.0,1702023170.0,1702023173.0,8659.0,1702023181.0,1702023186.0,5.0,,0.0,36.0,5.0,14.0,528098738.0,3.0,26431.0,poseidon,condorpool,poseidon-worker-1-container-12-15,bcftools,/opt/software/install/bcftools/1.15.1/bin/bcftools,,3.6,0,0,,,,,,,,,
vcfutils_ID0000110,None,compute,0,1702023145.0,,,1702023150.0,1702023152.0,1702023165.0,58591051.8,1702023150.0,1702023181.0,1702023171.0,1702023174.0,562.0,1702023181.0,1702023186.0,5.0,,0.0,31.0,5.0,13.0,368510644.0,3.0,1717.0,poseidon,condorpool,poseidon-worker-2-container-36-39,vcfutils,/opt/software/install/bcftools/1.15.1/bin/vcfutils.pl,,0.0,0,0,,,,,,,,,
vcfutils_ID0000297,None,compute,0,1702023145.0,,,1702023150.0,1702023152.0,1702023166.0,58245306.6,1702023151.0,1702023181.0,1702023171.0,1702023174.0,564.0,1702023181.0,1702023186.0,5.0,,1.0,30.0,5.0,14.0,368510645.0,3.0,1716.0,poseidon,condorpool,poseidon-worker-2-container-40-43,vcfutils,/opt/software/install/bcftools/1.15.1/bin/vcfutils.pl,,0.0,0,0,,,,,,,,,
register_condorpool_4_1,None,auxiliary,0,1702023145.0,,,1702023150.0,,,0.0,1702023150.0,1702023155.0,,,0.0,1702023155.0,1702023160.0,5.0,,0.0,5.0,5.0,,,,,poseidon,local,poseidon-submit,pegasus::rc-client,/mnt/poseidon-data/poseidon/pegasus-5.1.0panorama/bin/pegasus-rc-client,"-n pegasus::rc-client -N null -R local  -L variant-calling -T 2023-11-15T22:51:21+00:00 /home/poseidon/pegasus-5.1.0panorama/bin/pegasus-rc-client --prefix pegasus.catalog.replica.output --conf /mnt/poseidon-data/poseidon/workflows/variant-calling-pegasus-workflow/submit/poseidon/pegasus/variant-calling/run0335/pegasus.12663276954980669191.properties -v --meta /mnt/poseidon-data/poseidon/workflows/variant-calling-pegasus-workflow/submit/poseidon/pegasus/variant-calling/run0335/00/04/bcftools_ID0000131.meta,/mnt/poseidon-data/poseidon/workflows/variant-calling-pegasus-workflow/submit/poseidon/pegasus/variant-calling/run0335/00/04/bcftools_ID0000109.meta,/mnt/poseidon-data/poseidon/workflows/variant-calling-pegasus-workflow/submit/poseidon/pegasus/variant-calling/run0335/00/05/bcftools_ID0000032.meta,/mnt/poseidon-data/poseidon/workflows/variant-calling-pegasus-workflow/submit/poseidon/pegasus/variant-calling/run0335/00/05/bcftools_ID0000093.meta,/mnt/poseidon-data/poseidon/workflows/variant-calling-pegasus-workflow/submit/poseidon/pegasus/variant-calling/run0335/00/05/bcftools_ID0000318.meta,/mnt/poseidon-data/poseidon/workflows/variant-calling-pegasus-workflow/submit/poseidon/pegasus/variant-calling/run0335/00/05/bcftools_ID0000043.meta,/mnt/poseidon-data/poseidon/workflows/variant-calling-pegasus-workflow/submit/poseidon/pegasus/variant-calling/run0335/00/04/bcftools_ID0000120.meta,/mnt/poseidon-data/poseidon/workflows/variant-calling-pegasus-workflow/submit/poseidon/pegasus/variant-calling/run0335/00/05/bcftools_ID0000054.meta,/mnt/poseidon-data/poseidon/workflows/variant-calling-pegasus-workflow/submit/poseidon/pegasus/variant-calling/run0335/00/05/bcftools_ID0000307.meta,/mnt/poseidon-data/poseidon/workflows/variant-calling-pegasus-workflow/submit/poseidon/pegasus/variant-calling/run0335/00/05/bcftools_ID0000021.meta --insert /mnt/poseidon-data/poseidon/workflows/variant-calling-pegasus-workflow/submit/poseidon/pegasus/variant-calling/run0335/00/05/register_condorpool_4_1.in",2.8,0,0,,,,,,,,,
register_condorpool_4_5,None,auxiliary,0,1702023150.0,,,1702023160.0,,,0.0,1702023161.0,1702023166.0,,,0.0,1702023166.0,1702023171.0,10.0,,1.0,5.0,5.0,,,,,poseidon,local,poseidon-submit,pegasus::rc-client,/mnt/poseidon-data/poseidon/pegasus-5.1.0panorama/bin/pegasus-rc-client,"-n pegasus::rc-client -N null -R local  -L variant-calling -T 2023-11-15T22:51:21+00:00 /home/poseidon/pegasus-5.1.0panorama/bin/pegasus-rc-client --prefix pegasus.catalog.replica.output --conf /mnt/poseidon-data/poseidon/workflows/variant-calling-pegasus-workflow/submit/poseidon/pegasus/variant-calling/run0335/pegasus.12663276954980669191.properties -v --meta /mnt/poseidon-data/poseidon/workflows/variant-calling-pegasus-workflow/submit/poseidon/pegasus/variant-calling/run0335/00/05/bcftools_ID0000208.meta,/mnt/poseidon-data/poseidon/workflows/variant-calling-pegasus-workflow/submit/poseidon/pegasus/variant-calling/run0335/00/05/bcftools_ID0000329.meta,/mnt/poseidon-data/poseidon/workflows/variant-calling-pegasus-workflow/submit/poseidon/pegasus/variant-calling/run0335/00/05/bcftools_ID0000197.meta,/mnt/poseidon-data/poseidon/workflows/variant-calling-pegasus-workflow/submit/poseidon/pegasus/variant-calling/run0335/00/05/bcftools_ID0000274.meta,/mnt/poseidon-data/poseidon/workflows/variant-calling-pegasus-workflow/submit/poseidon/pegasus/variant-calling/run0335/00/05/bcftools_ID0000285.meta,/mnt/poseidon-data/poseidon/workflows/variant-calling-pegasus-workflow/submit/poseidon/pegasus/variant-calling/run0335/00/05/bcftools_ID0000296.meta,/mnt/poseidon-data/poseidon/workflows/variant-calling-pegasus-workflow/submit/poseidon/pegasus/variant-calling/run0335/00/04/bcftools_ID0000219.meta,/mnt/poseidon-data/poseidon/workflows/variant-calling-pegasus-workflow/submit/poseidon/pegasus/variant-calling/run0335/00/04/bcftools_ID0000010.meta,/mnt/poseidon-data/poseidon/workflows/variant-calling-pegasus-workflow/submit/poseidon/pegasus/variant-calling/run0335/00/05/bcftools_ID0000263.meta,/mnt/poseidon-data/poseidon/workflows/variant-calling-pegasus-workflow/submit/poseidon/pegasus/variant-calling/run0335/00/05/bcftools_ID0000186.meta --insert /mnt/poseidon-data/poseidon/workflows/variant-calling-pegasus-workflow/submit/poseidon/pegasus/variant-calling/run0335/00/05/register_condorpool_4_5.in",2.7,0,0,,,,,,,,,
vcfutils_ID0000198,None,compute,0,1702023150.0,,,1702023155.0,1702023157.0,1702023171.0,57851137.0,1702023156.0,1702023186.0,1702023176.0,1702023179.0,563.0,1702023186.0,1702023191.0,5.0,,1.0,30.0,5.0,14.0,368510644.0,3.0,1716.0,poseidon,condorpool,poseidon-worker-2-container-44-47,vcfutils,/opt/software/install/bcftools/1.15.1/bin/vcfutils.pl,,0.0,0,0,,,,,,,,,
stage_out_local_condorpool_5_3,None,transfer,0,1702023155.0,,,1702023160.0,,,0.0,1702023161.0,1702023176.0,1702023162.0,1702023166.0,4258.0,1702023176.0,1702023181.0,5.0,,1.0,15.0,5.0,,,4.0,17148.0,poseidon,local,poseidon-submit,pegasus::transfer,/mnt/poseidon-data/poseidon/pegasus-5.1.0panorama/bin/pegasus-transfer,/home/poseidon/pegasus-5.1.0panorama/bin/../bin/pegasus-kickstart  -n pegasus::transfer -N null -i - -R local  -L variant-calling -T 2023-11-15T22:51:21+00:00 /home/poseidon/pegasus-5.1.0panorama/bin/../bin/pegasus-transfer  --threads 2,1.1,0,0,,,,,,,,,
bcftools_ID0000169,None,compute,0,1702023160.0,,,1702023166.0,1702023168.0,1702023184.0,99601321.4,1702023166.0,1702023367.0,1702023352.0,1702023357.0,35481580.0,1702023367.0,1702023372.0,6.0,,0.0,201.0,5.0,16.0,868270653.0,5.0,159589810.0,poseidon,condorpool,poseidon-worker-2-container-28-31,bcftools,/opt/software/install/bcftools/1.15.1/bin/bcftools,,160.7,0,0,0.2,501893397.0,158638160.0,54420.0,11173.0,159.4,0.4,1568416.9,495744.3
register_condorpool_2_5,None,auxiliary,0,1702023160.0,,,1702023181.0,,,0.0,1702023181.0,1702023186.0,,,0.0,1702023186.0,1702023191.0,21.0,,0.0,5.0,5.0,,,,,poseidon,local,poseidon-submit,pegasus::rc-client,/mnt/poseidon-data/poseidon/pegasus-5.1.0panorama/bin/pegasus-rc-client,"-n pegasus::rc-client -N null -R local  -L variant-calling -T 2023-11-15T22:51:21+00:00 /home/poseidon/pegasus-5.1.0panorama/bin/pegasus-rc-client --prefix pegasus.catalog.replica.output --conf /mnt/poseidon-data/poseidon/workflows/variant-calling-pegasus-workflow/submit/poseidon/pegasus/variant-calling/run0335/pegasus.12663276954980669191.properties -v --meta /mnt/poseidon-data/poseidon/workflows/variant-calling-pegasus-workflow/submit/poseidon/pegasus/variant-calling/run0335/00/02/samtools_ID0000245.meta,/mnt/poseidon-data/poseidon/workflows/variant-calling-pegasus-workflow/submit/poseidon/pegasus/variant-calling/run0335/00/02/samtools_ID0000008.meta,/mnt/poseidon-data/poseidon/workflows/variant-calling-pegasus-workflow/submit/poseidon/pegasus/variant-calling/run0335/00/03/samtools_ID0000272.meta,/mnt/poseidon-data/poseidon/workflows/variant-calling-pegasus-workflow/submit/poseidon/pegasus/variant-calling/run0335/00/02/samtools_ID0000195.meta,/mnt/poseidon-data/poseidon/workflows/variant-calling-pegasus-workflow/submit/poseidon/pegasus/variant-calling/run0335/00/02/samtools_ID0000058.meta,/mnt/poseidon-data/poseidon/workflows/variant-calling-pegasus-workflow/submit/poseidon/pegasus/variant-calling/run0335/00/02/samtools_ID0000234.meta,/mnt/poseidon-data/poseidon/workflows/variant-calling-pegasus-workflow/submit/poseidon/pegasus/variant-calling/run0335/00/02/samtools_ID0000327.meta,/mnt/poseidon-data/poseidon/workflows/variant-calling-pegasus-workflow/submit/poseidon/pegasus/variant-calling/run0335/00/02/samtools_ID0000283.meta,/mnt/poseidon-data/poseidon/workflows/variant-calling-pegasus-workflow/submit/poseidon/pegasus/variant-calling/run0335/00/02/samtools_ID0000294.meta,/mnt/poseidon-data/poseidon/workflows/variant-calling-pegasus-workflow/submit/poseidon/pegasus/variant-calling/run0335/00/03/samtools_ID0000135.meta,/mnt/poseidon-data/poseidon/workflows/variant-calling-pegasus-workflow/submit/poseidon/pegasus/variant-calling/run0335/00/03/samtools_ID0000261.meta,/mnt/poseidon-data/poseidon/workflows/variant-calling-pegasus-workflow/submit/poseidon/pegasus/variant-calling/run0335/00/02/samtools_ID0000184.meta,/mnt/poseidon-data/poseidon/workflows/variant-calling-pegasus-workflow/submit/poseidon/pegasus/variant-calling/run0335/00/02/samtools_ID0000069.meta,/mnt/poseidon-data/poseidon/workflows/variant-calling-pegasus-workflow/submit/poseidon/pegasus/variant-calling/run0335/00/03/samtools_ID0000146.meta,/mnt/poseidon-data/poseidon/workflows/variant-calling-pegasus-workflow/submit/poseidon/pegasus/variant-calling/run0335/00/02/samtools_ID0000168.meta,/mnt/poseidon-data/poseidon/workflows/variant-calling-pegasus-workflow/submit/poseidon/pegasus/variant-calling/run0335/00/02/samtools_ID0000217.meta,/mnt/poseidon-data/poseidon/workflows/variant-calling-pegasus-workflow/submit/poseidon/pegasus/variant-calling/run0335/00/02/samtools_ID0000080.meta,/mnt/poseidon-data/poseidon/workflows/variant-calling-pegasus-workflow/submit/poseidon/pegasus/variant-calling/run0335/00/02/samtools_ID0000206.meta,/mnt/poseidon-data/poseidon/workflows/variant-calling-pegasus-workflow/submit/poseidon/pegasus/variant-calling/run0335/00/02/samtools_ID0000223.meta,/mnt/poseidon-data/poseidon/workflows/variant-calling-pegasus-workflow/submit/poseidon/pegasus/variant-calling/run0335/00/02/samtools_ID0000157.meta --insert /mnt/poseidon-data/poseidon/workflows/variant-calling-pegasus-workflow/submit/poseidon/pegasus/variant-calling/run0335/00/03/register_condorpool_2_5.in",2.9,0,0,,,,,,,,,
register_condorpool_2_4,None,auxiliary,0,1702023160.0,,,1702023171.0,,,0.0,1702023171.0,1702023176.0,,,0.0,1702023176.0,1702023181.0,11.0,,0.0,5.0,5.0,,,,,poseidon,local,poseidon-submit,pegasus::rc-client,/mnt/poseidon-data/poseidon/pegasus-5.1.0panorama/bin/pegasus-rc-client,"-n pegasus::rc-client -N null -R local  -L variant-calling -T 2023-11-15T22:51:21+00:00 /home/poseidon/pegasus-5.1.0panorama/bin/pegasus-rc-client --prefix pegasus.catalog.replica.output --conf /mnt/poseidon-data/poseidon/workflows/variant-calling-pegasus-workflow/submit/poseidon/pegasus/variant-calling/run0335/pegasus.12663276954980669191.properties -v --meta /mnt/poseidon-data/poseidon/workflows/variant-calling-pegasus-workflow/submit/poseidon/pegasus/variant-calling/run0335/00/02/samtools_ID0000245.meta,/mnt/poseidon-data/poseidon/workflows/variant-calling-pegasus-workflow/submit/poseidon/pegasus/variant-calling/run0335/00/02/samtools_ID0000008.meta,/mnt/poseidon-data/poseidon/workflows/variant-calling-pegasus-workflow/submit/poseidon/pegasus/variant-calling/run0335/00/03/samtools_ID0000272.meta,/mnt/poseidon-data/poseidon/workflows/variant-calling-pegasus-workflow/submit/poseidon/pegasus/variant-calling/run0335/00/02/samtools_ID0000195.meta,/mnt/poseidon-data/poseidon/workflows/variant-calling-pegasus-workflow/submit/poseidon/pegasus/variant-calling/run0335/00/02/samtools_ID0000058.meta,/mnt/poseidon-data/poseidon/workflows/variant-calling-pegasus-workflow/submit/poseidon/pegasus/variant-calling/run0335/00/02/samtools_ID0000234.meta,/mnt/poseidon-data/poseidon/workflows/variant-calling-pegasus-workflow/submit/poseidon/pegasus/variant-calling/run0335/00/02/samtools_ID0000327.meta,/mnt/poseidon-data/poseidon/workflows/variant-calling-pegasus-workflow/submit/poseidon/pegasus/variant-calling/run0335/00/02/samtools_ID0000283.meta,/mnt/poseidon-data/poseidon/workflows/variant-calling-pegasus-workflow/submit/poseidon/pegasus/variant-calling/run0335/00/02/samtools_ID0000294.meta,/mnt/poseidon-data/poseidon/workflows/variant-calling-pegasus-workflow/submit/poseidon/pegasus/variant-calling/run0335/00/03/samtools_ID0000135.meta,/mnt/poseidon-data/poseidon/workflows/variant-calling-pegasus-workflow/submit/poseidon/pegasus/variant-calling/run0335/00/03/samtools_ID0000261.meta,/mnt/poseidon-data/poseidon/workflows/variant-calling-pegasus-workflow/submit/poseidon/pegasus/variant-calling/run0335/00/02/samtools_ID0000184.meta,/mnt/poseidon-data/poseidon/workflows/variant-calling-pegasus-workflow/submit/poseidon/pegasus/variant-calling/run0335/00/02/samtools_ID0000069.meta,/mnt/poseidon-data/poseidon/workflows/variant-calling-pegasus-workflow/submit/poseidon/pegasus/variant-calling/run0335/00/03/samtools_ID0000146.meta,/mnt/poseidon-data/poseidon/workflows/variant-calling-pegasus-workflow/submit/poseidon/pegasus/variant-calling/run0335/00/02/samtools_ID0000168.meta,/mnt/poseidon-data/poseidon/workflows/variant-calling-pegasus-workflow/submit/poseidon/pegasus/variant-calling/run0335/00/02/samtools_ID0000217.meta,/mnt/poseidon-data/poseidon/workflows/variant-calling-pegasus-workflow/submit/poseidon/pegasus/variant-calling/run0335/00/02/samtools_ID0000080.meta,/mnt/poseidon-data/poseidon/workflows/variant-calling-pegasus-workflow/submit/poseidon/pegasus/variant-calling/run0335/00/02/samtools_ID0000206.meta,/mnt/poseidon-data/poseidon/workflows/variant-calling-pegasus-workflow/submit/poseidon/pegasus/variant-calling/run0335/00/02/samtools_ID0000223.meta,/mnt/poseidon-data/poseidon/workflows/variant-calling-pegasus-workflow/submit/poseidon/pegasus/variant-calling/run0335/00/02/samtools_ID0000157.meta --insert /mnt/poseidon-data/poseidon/workflows/variant-calling-pegasus-workflow/submit/poseidon/pegasus/variant-calling/run0335/00/03/register_condorpool_2_4.in",2.8,0,0,,,,,,,,,
register_condorpool_5_3,None,auxiliary,0,1702023181.0,,,1702023191.0,,,0.0,1702023191.0,1702023196.0,,,0.0,1702023196.0,1702023201.0,10.0,,0.0,5.0,5.0,,,,,poseidon,local,poseidon-submit,pegasus::rc-client,/mnt/poseidon-data/poseidon/pegasus-5.1.0panorama/bin/pegasus-rc-client,"-n pegasus::rc-client -N null -R local  -L variant-calling -T 2023-11-15T22:51:21+00:00 /home/poseidon/pegasus-5.1.0panorama/bin/pegasus-rc-client --prefix pegasus.catalog.replica.output --conf /mnt/poseidon-data/poseidon/workflows/variant-calling-pegasus-workflow/submit/poseidon/pegasus/variant-calling/run0335/pegasus.12663276954980669191.properties -v --meta /mnt/poseidon-data/poseidon/workflows/variant-calling-pegasus-workflow/submit/poseidon/pegasus/variant-calling/run0335/00/06/vcfutils_ID0000077.meta,/mnt/poseidon-data/poseidon/workflows/variant-calling-pegasus-workflow/submit/poseidon/pegasus/variant-calling/run0335/00/06/vcfutils_ID0000088.meta,/mnt/poseidon-data/poseidon/workflows/variant-calling-pegasus-workflow/submit/poseidon/pegasus/variant-calling/run0335/00/06/vcfutils_ID0000066.meta,/mnt/poseidon-data/poseidon/workflows/variant-calling-pegasus-workflow/submit/poseidon/pegasus/variant-calling/run0335/00/06/vcfutils_ID0000231.meta,/mnt/poseidon-data/poseidon/workflows/variant-calling-pegasus-workflow/submit/poseidon/pegasus/variant-calling/run0335/00/06/vcfutils_ID0000242.meta,/mnt/poseidon-data/poseidon/workflows/variant-calling-pegasus-workflow/submit/poseidon/pegasus/variant-calling/run0335/00/06/vcfutils_ID0000165.meta,/mnt/poseidon-data/poseidon/workflows/variant-calling-pegasus-workflow/submit/poseidon/pegasus/variant-calling/run0335/00/06/vcfutils_ID0000143.meta,/mnt/poseidon-data/poseidon/workflows/variant-calling-pegasus-workflow/submit/poseidon/pegasus/variant-calling/run0335/00/06/vcfutils_ID0000253.meta,/mnt/poseidon-data/poseidon/workflows/variant-calling-pegasus-workflow/submit/poseidon/pegasus/variant-calling/run0335/00/06/vcfutils_ID0000176.meta,/mnt/poseidon-data/poseidon/workflows/variant-calling-pegasus-workflow/submit/poseidon/pegasus/variant-calling/run0335/00/07/vcfutils_ID0000154.meta --insert /mnt/poseidon-data/poseidon/workflows/variant-calling-pegasus-workflow/submit/poseidon/pegasus/variant-calling/run0335/00/07/register_condorpool_5_3.in",2.8,0,0,,,,,,,,,
vcfutils_ID0000182,None,compute,0,1702023186.0,,,1702023191.0,1702023194.0,1702023207.0,58113914.6,1702023192.0,1702023221.0,1702023212.0,1702023215.0,8713.0,1702023221.0,1702023226.0,5.0,,1.0,29.0,5.0,13.0,368535359.0,3.0,26418.0,poseidon,condorpool,poseidon-worker-2-container-40-43,vcfutils,/opt/software/install/bcftools/1.15.1/bin/vcfutils.pl,,0.0,0,0,,,,,,,,,
stage_out_local_condorpool_5_1,None,transfer,0,1702023186.0,,,1702023191.0,,,0.0,1702023191.0,1702023206.0,1702023192.0,1702023196.0,10382.0,1702023206.0,1702023211.0,5.0,,0.0,15.0,5.0,,,4.0,41860.0,poseidon,local,poseidon-submit,pegasus::transfer,/mnt/poseidon-data/poseidon/pegasus-5.1.0panorama/bin/pegasus-transfer,/home/poseidon/pegasus-5.1.0panorama/bin/../bin/pegasus-kickstart  -n pegasus::transfer -N null -i - -R local  -L variant-calling -T 2023-11-15T22:51:21+00:00 /home/poseidon/pegasus-5.1.0panorama/bin/../bin/pegasus-transfer  --threads 2,1.1,0,0,,,,,,,,,
stage_out_local_condorpool_5_5,None,transfer,0,1702023191.0,,,1702023196.0,,,0.0,1702023196.0,1702023211.0,1702023197.0,1702023201.0,4260.0,1702023211.0,1702023216.0,5.0,,0.0,15.0,5.0,,,4.0,17159.0,poseidon,local,poseidon-submit,pegasus::transfer,/mnt/poseidon-data/poseidon/pegasus-5.1.0panorama/bin/pegasus-transfer,/home/poseidon/pegasus-5.1.0panorama/bin/../bin/pegasus-kickstart  -n pegasus::transfer -N null -i - -R local  -L variant-calling -T 2023-11-15T22:51:21+00:00 /home/poseidon/pegasus-5.1.0panorama/bin/../bin/pegasus-transfer  --threads 2,1.1,0,0,,,,,,,,,
bcftools_ID0000269,None,compute,0,1702023201.0,,,1702023206.0,1702023208.0,1702023223.0,70878733.7,1702023206.0,1702023241.0,1702023232.0,1702023235.0,8603.0,1702023241.0,1702023246.0,5.0,,0.0,35.0,5.0,15.0,528098742.0,3.0,26431.0,poseidon,condorpool,poseidon-worker-2-container-44-47,bcftools,/opt/software/install/bcftools/1.15.1/bin/bcftools,,3.4,0,0,,,,,,,,,
register_condorpool_5_1,None,auxiliary,0,1702023211.0,,,1702023216.0,,,0.0,1702023216.0,1702023221.0,,,0.0,1702023221.0,1702023226.0,5.0,,0.0,5.0,5.0,,,,,poseidon,local,poseidon-submit,pegasus::rc-client,/mnt/poseidon-data/poseidon/pegasus-5.1.0panorama/bin/pegasus-rc-client,"-n pegasus::rc-client -N null -R local  -L variant-calling -T 2023-11-15T22:51:21+00:00 /home/poseidon/pegasus-5.1.0panorama/bin/pegasus-rc-client --prefix pegasus.catalog.replica.output --conf /mnt/poseidon-data/poseidon/workflows/variant-calling-pegasus-workflow/submit/poseidon/pegasus/variant-calling/run0335/pegasus.12663276954980669191.properties -v --meta /mnt/poseidon-data/poseidon/workflows/variant-calling-pegasus-workflow/submit/poseidon/pegasus/variant-calling/run0335/00/06/vcfutils_ID0000044.meta,/mnt/poseidon-data/poseidon/workflows/variant-calling-pegasus-workflow/submit/poseidon/pegasus/variant-calling/run0335/00/06/vcfutils_ID0000132.meta,/mnt/poseidon-data/poseidon/workflows/variant-calling-pegasus-workflow/submit/poseidon/pegasus/variant-calling/run0335/00/06/vcfutils_ID0000308.meta,/mnt/poseidon-data/poseidon/workflows/variant-calling-pegasus-workflow/submit/poseidon/pegasus/variant-calling/run0335/00/05/vcfutils_ID0000121.meta,/mnt/poseidon-data/poseidon/workflows/variant-calling-pegasus-workflow/submit/poseidon/pegasus/variant-calling/run0335/00/06/vcfutils_ID0000055.meta,/mnt/poseidon-data/poseidon/workflows/variant-calling-pegasus-workflow/submit/poseidon/pegasus/variant-calling/run0335/00/07/vcfutils_ID0000033.meta,/mnt/poseidon-data/poseidon/workflows/variant-calling-pegasus-workflow/submit/poseidon/pegasus/variant-calling/run0335/00/06/vcfutils_ID0000094.meta,/mnt/poseidon-data/poseidon/workflows/variant-calling-pegasus-workflow/submit/poseidon/pegasus/variant-calling/run0335/00/06/vcfutils_ID0000022.meta,/mnt/poseidon-data/poseidon/workflows/variant-calling-pegasus-workflow/submit/poseidon/pegasus/variant-calling/run0335/00/06/vcfutils_ID0000319.meta,/mnt/poseidon-data/poseidon/workflows/variant-calling-pegasus-workflow/submit/poseidon/pegasus/variant-calling/run0335/00/06/vcfutils_ID0000110.meta --insert /mnt/poseidon-data/poseidon/workflows/variant-calling-pegasus-workflow/submit/poseidon/pegasus/variant-calling/run0335/00/07/register_condorpool_5_1.in",2.7,0,0,,,,,,,,,
bcftools_ID0000258,None,compute,0,1702023216.0,,,1702023221.0,1702023223.0,1702023238.0,80025382.4,1702023222.0,1702023256.0,1702023247.0,1702023250.0,8303.0,1702023256.0,1702023261.0,5.0,,1.0,34.0,5.0,15.0,528098738.0,3.0,26430.0,poseidon,condorpool,poseidon-worker-2-container-40-43,bcftools,/opt/software/install/bcftools/1.15.1/bin/bcftools,,3.5,0,0,,,,,,,,,
register_condorpool_5_5,None,auxiliary,0,1702023216.0,,,1702023226.0,,,0.0,1702023227.0,1702023231.0,,,0.0,1702023231.0,1702023236.0,10.0,,1.0,4.0,5.0,,,,,poseidon,local,poseidon-submit,pegasus::rc-client,/mnt/poseidon-data/poseidon/pegasus-5.1.0panorama/bin/pegasus-rc-client,"-n pegasus::rc-client -N null -R local  -L variant-calling -T 2023-11-15T22:51:21+00:00 /home/poseidon/pegasus-5.1.0panorama/bin/pegasus-rc-client --prefix pegasus.catalog.replica.output --conf /mnt/poseidon-data/poseidon/workflows/variant-calling-pegasus-workflow/submit/poseidon/pegasus/variant-calling/run0335/pegasus.12663276954980669191.properties -v --meta /mnt/poseidon-data/poseidon/workflows/variant-calling-pegasus-workflow/submit/poseidon/pegasus/variant-calling/run0335/00/06/vcfutils_ID0000330.meta,/mnt/poseidon-data/poseidon/workflows/variant-calling-pegasus-workflow/submit/poseidon/pegasus/variant-calling/run0335/00/06/vcfutils_ID0000286.meta,/mnt/poseidon-data/poseidon/workflows/variant-calling-pegasus-workflow/submit/poseidon/pegasus/variant-calling/run0335/00/06/vcfutils_ID0000220.meta,/mnt/poseidon-data/poseidon/workflows/variant-calling-pegasus-workflow/submit/poseidon/pegasus/variant-calling/run0335/00/06/vcfutils_ID0000187.meta,/mnt/poseidon-data/poseidon/workflows/variant-calling-pegasus-workflow/submit/poseidon/pegasus/variant-calling/run0335/00/06/vcfutils_ID0000198.meta,/mnt/poseidon-data/poseidon/workflows/variant-calling-pegasus-workflow/submit/poseidon/pegasus/variant-calling/run0335/00/06/vcfutils_ID0000297.meta,/mnt/poseidon-data/poseidon/workflows/variant-calling-pegasus-workflow/submit/poseidon/pegasus/variant-calling/run0335/00/07/vcfutils_ID0000264.meta,/mnt/poseidon-data/poseidon/workflows/variant-calling-pegasus-workflow/submit/poseidon/pegasus/variant-calling/run0335/00/07/vcfutils_ID0000275.meta,/mnt/poseidon-data/poseidon/workflows/variant-calling-pegasus-workflow/submit/poseidon/pegasus/variant-calling/run0335/00/06/vcfutils_ID0000011.meta,/mnt/poseidon-data/poseidon/workflows/variant-calling-pegasus-workflow/submit/poseidon/pegasus/variant-calling/run0335/00/06/vcfutils_ID0000209.meta --insert /mnt/poseidon-data/poseidon/workflows/variant-calling-pegasus-workflow/submit/poseidon/pegasus/variant-calling/run0335/00/07/register_condorpool_5_5.in",2.8,0,0,,,,,,,,,
bcftools_ID0000115,None,compute,0,1702023241.0,,,1702023246.0,1702023248.0,1702023262.0,80040337.0,1702023247.0,1702023281.0,1702023271.0,1702023274.0,8520.0,1702023281.0,1702023286.0,5.0,,1.0,34.0,5.0,14.0,528098740.0,3.0,26430.0,poseidon,condorpool,poseidon-worker-2-container-44-47,bcftools,/opt/software/install/bcftools/1.15.1/bin/bcftools,,3.4,0,0,,,,,,,,,
bcftools_ID0000291,None,compute,0,1702023241.0,,,1702023246.0,1702023248.0,1702023263.0,68074470.9,1702023247.0,1702023281.0,1702023272.0,1702023275.0,8572.0,1702023281.0,1702023286.0,5.0,,1.0,34.0,5.0,15.0,528098738.0,3.0,26431.0,poseidon,condorpool,poseidon-worker-1-container-44-47,bcftools,/opt/software/install/bcftools/1.15.1/bin/bcftools,,3.7,0,0,,,,,,,,,
vcfutils_ID0000270,None,compute,0,1702023246.0,,,1702023251.0,1702023254.0,1702023267.0,53632164.3,1702023252.0,1702023286.0,1702023273.0,1702023276.0,8586.0,1702023286.0,1702023292.0,5.0,,1.0,34.0,6.0,13.0,368535359.0,3.0,26418.0,poseidon,condorpool,poseidon-worker-2-container-24-27,vcfutils,/opt/software/install/bcftools/1.15.1/bin/vcfutils.pl,,0.0,0,0,,,,,,,,,
bcftools_ID0000214,None,compute,0,1702023246.0,,,1702023251.0,1702023253.0,1702023268.0,68099777.6,1702023252.0,1702023286.0,1702023278.0,1702023281.0,8587.0,1702023286.0,1702023292.0,5.0,,1.0,34.0,6.0,15.0,528098739.0,3.0,26430.0,poseidon,condorpool,poseidon-worker-1-container-36-39,bcftools,/opt/software/install/bcftools/1.15.1/bin/bcftools,,3.5,0,0,,,,,,,,,
bcftools_ID0000137,None,compute,0,1702023256.0,,,1702023261.0,1702023264.0,1702023278.0,68501645.7,1702023262.0,1702023297.0,1702023288.0,1702023291.0,8510.0,1702023297.0,1702023302.0,5.0,,1.0,35.0,5.0,14.0,528098738.0,3.0,26430.0,poseidon,condorpool,poseidon-worker-2-container-40-43,bcftools,/opt/software/install/bcftools/1.15.1/bin/bcftools,,3.5,0,0,,,,,,,,,
vcfutils_ID0000259,None,compute,0,1702023261.0,,,1702023266.0,1702023268.0,1702023282.0,52759135.7,1702023266.0,1702023297.0,1702023287.0,1702023290.0,8552.0,1702023297.0,1702023302.0,5.0,,0.0,31.0,5.0,14.0,368535358.0,3.0,26420.0,poseidon,condorpool,poseidon-worker-1-container-36-39,vcfutils,/opt/software/install/bcftools/1.15.1/bin/vcfutils.pl,,0.0,0,0,,,,,,,,,
bcftools_ID0000192,None,compute,0,1702023261.0,,,1702023266.0,1702023268.0,1702023283.0,69486330.0,1702023266.0,1702023302.0,1702023292.0,1702023295.0,8660.0,1702023302.0,1702023307.0,5.0,,0.0,36.0,5.0,15.0,528098739.0,3.0,26430.0,poseidon,condorpool,poseidon-worker-1-container-44-47,bcftools,/opt/software/install/bcftools/1.15.1/bin/bcftools,,3.4,0,0,,,,,,,,,
bcftools_ID0000280,None,compute,0,1702023266.0,,,1702023271.0,1702023273.0,1702023288.0,71034071.3,1702023271.0,1702023307.0,1702023297.0,1702023300.0,8477.0,1702023307.0,1702023312.0,5.0,,0.0,36.0,5.0,15.0,528098739.0,3.0,26431.0,poseidon,condorpool,poseidon-worker-1-container-40-43,bcftools,/opt/software/install/bcftools/1.15.1/bin/bcftools,,3.5,0,0,,,,,,,,,
bcftools_ID0000071,None,compute,0,1702023266.0,,,1702023271.0,1702023273.0,1702023287.0,74802626.5,1702023271.0,1702023307.0,1702023296.0,1702023299.0,8571.0,1702023307.0,1702023312.0,5.0,,0.0,36.0,5.0,14.0,528098559.0,3.0,26430.0,poseidon,condorpool,poseidon-worker-2-container-40-43,bcftools,/opt/software/install/bcftools/1.15.1/bin/bcftools,,3.4,0,0,,,,,,,,,
bcftools_ID0000324,None,compute,0,1702023276.0,,,1702023281.0,1702023283.0,1702023298.0,72827493.5,1702023282.0,1702023317.0,1702023307.0,1702023310.0,8671.0,1702023317.0,1702023322.0,5.0,,1.0,35.0,5.0,15.0,528098739.0,3.0,26431.0,poseidon,condorpool,poseidon-worker-2-container-44-47,bcftools,/opt/software/install/bcftools/1.15.1/bin/bcftools,,3.5,0,0,,,,,,,,,
bcftools_ID0000313,None,compute,0,1702023276.0,,,1702023281.0,1702023283.0,1702023298.0,71933973.0,1702023282.0,1702023317.0,1702023307.0,1702023310.0,8537.0,1702023317.0,1702023322.0,5.0,,1.0,35.0,5.0,15.0,528098738.0,3.0,26430.0,poseidon,condorpool,poseidon-worker-1-container-44-47,bcftools,/opt/software/install/bcftools/1.15.1/bin/bcftools,,3.5,0,0,,,,,,,,,
bcftools_ID0000038,None,compute,0,1702023281.0,,,1702023286.0,1702023289.0,1702023302.0,79421525.0,1702023287.0,1702023322.0,1702023312.0,1702023315.0,8658.0,1702023322.0,1702023327.0,5.0,,1.0,35.0,5.0,13.0,528098558.0,3.0,26429.0,poseidon,condorpool,poseidon-worker-2-container-24-27,bcftools,/opt/software/install/bcftools/1.15.1/bin/bcftools,,3.5,0,0,,,,,,,,,
register_condorpool_3_0,None,auxiliary,0,1702023281.0,,,1702023286.0,,,0.0,1702023287.0,1702023292.0,,,0.0,1702023292.0,1702023297.0,5.0,,1.0,5.0,5.0,,,,,poseidon,local,poseidon-submit,pegasus::rc-client,/mnt/poseidon-data/poseidon/pegasus-5.1.0panorama/bin/pegasus-rc-client,"-n pegasus::rc-client -N null -R local  -L variant-calling -T 2023-11-15T22:51:21+00:00 /home/poseidon/pegasus-5.1.0panorama/bin/pegasus-rc-client --prefix pegasus.catalog.replica.output --conf /mnt/poseidon-data/poseidon/workflows/variant-calling-pegasus-workflow/submit/poseidon/pegasus/variant-calling/run0335/pegasus.12663276954980669191.properties -v --meta /mnt/poseidon-data/poseidon/workflows/variant-calling-pegasus-workflow/submit/poseidon/pegasus/variant-calling/run0335/00/03/bcftools_ID0000125.meta,/mnt/poseidon-data/poseidon/workflows/variant-calling-pegasus-workflow/submit/poseidon/pegasus/variant-calling/run0335/00/03/bcftools_ID0000103.meta,/mnt/poseidon-data/poseidon/workflows/variant-calling-pegasus-workflow/submit/poseidon/pegasus/variant-calling/run0335/00/03/bcftools_ID0000114.meta,/mnt/poseidon-data/poseidon/workflows/variant-calling-pegasus-workflow/submit/poseidon/pegasus/variant-calling/run0335/00/03/bcftools_ID0000312.meta,/mnt/poseidon-data/poseidon/workflows/variant-calling-pegasus-workflow/submit/poseidon/pegasus/variant-calling/run0335/00/04/bcftools_ID0000015.meta,/mnt/poseidon-data/poseidon/workflows/variant-calling-pegasus-workflow/submit/poseidon/pegasus/variant-calling/run0335/00/04/bcftools_ID0000037.meta,/mnt/poseidon-data/poseidon/workflows/variant-calling-pegasus-workflow/submit/poseidon/pegasus/variant-calling/run0335/00/04/bcftools_ID0000026.meta,/mnt/poseidon-data/poseidon/workflows/variant-calling-pegasus-workflow/submit/poseidon/pegasus/variant-calling/run0335/00/03/bcftools_ID0000097.meta,/mnt/poseidon-data/poseidon/workflows/variant-calling-pegasus-workflow/submit/poseidon/pegasus/variant-calling/run0335/00/04/bcftools_ID0000048.meta,/mnt/poseidon-data/poseidon/workflows/variant-calling-pegasus-workflow/submit/poseidon/pegasus/variant-calling/run0335/00/03/bcftools_ID0000301.meta --insert /mnt/poseidon-data/poseidon/workflows/variant-calling-pegasus-workflow/submit/poseidon/pegasus/variant-calling/run0335/00/04/register_condorpool_3_0.in",2.8,0,0,,,,,,,,,
vcfutils_ID0000116,None,compute,0,1702023286.0,,,1702023292.0,1702023294.0,1702023307.0,60424828.7,1702023292.0,1702023322.0,1702023313.0,1702023316.0,8597.0,1702023322.0,1702023327.0,6.0,,0.0,30.0,5.0,13.0,368535358.0,3.0,26423.0,poseidon,condorpool,poseidon-worker-1-container-44-47,vcfutils,/opt/software/install/bcftools/1.15.1/bin/vcfutils.pl,,0.0,0,0,,,,,,,,,
bcftools_ID0000203,None,compute,0,1702023286.0,,,1702023292.0,1702023294.0,1702023308.0,77824863.0,1702023292.0,1702023327.0,1702023317.0,1702023320.0,8571.0,1702023327.0,1702023332.0,6.0,,0.0,35.0,5.0,14.0,528098738.0,3.0,26430.0,poseidon,condorpool,poseidon-worker-1-container-36-39,bcftools,/opt/software/install/bcftools/1.15.1/bin/bcftools,,3.4,0,0,,,,,,,,,
vcfutils_ID0000292,None,compute,0,1702023286.0,,,1702023292.0,1702023294.0,1702023307.0,56971721.4,1702023292.0,1702023322.0,1702023312.0,1702023315.0,8554.0,1702023322.0,1702023327.0,6.0,,0.0,30.0,5.0,13.0,368535359.0,3.0,26418.0,poseidon,condorpool,poseidon-worker-1-container-36-39,vcfutils,/opt/software/install/bcftools/1.15.1/bin/vcfutils.pl,,0.0,0,0,,,,,,,,,
bcftools_ID0000005,None,compute,0,1702023292.0,,,1702023297.0,1702023299.0,1702023313.0,80393075.6,1702023297.0,1702023332.0,1702023322.0,1702023325.0,8577.0,1702023332.0,1702023337.0,5.0,,0.0,35.0,5.0,14.0,528098559.0,3.0,26430.0,poseidon,condorpool,poseidon-worker-1-container-36-39,bcftools,/opt/software/install/bcftools/1.15.1/bin/bcftools,,3.5,0,0,,,,,,,,,
register_condorpool_3_4,None,auxiliary,0,1702023292.0,,,1702023297.0,,,0.0,1702023297.0,1702023302.0,,,0.0,1702023302.0,1702023307.0,5.0,,0.0,5.0,5.0,,,,,poseidon,local,poseidon-submit,pegasus::rc-client,/mnt/poseidon-data/poseidon/pegasus-5.1.0panorama/bin/pegasus-rc-client,"-n pegasus::rc-client -N null -R local  -L variant-calling -T 2023-11-15T22:51:21+00:00 /home/poseidon/pegasus-5.1.0panorama/bin/pegasus-rc-client --prefix pegasus.catalog.replica.output --conf /mnt/poseidon-data/poseidon/workflows/variant-calling-pegasus-workflow/submit/poseidon/pegasus/variant-calling/run0335/pegasus.12663276954980669191.properties -v --meta /mnt/poseidon-data/poseidon/workflows/variant-calling-pegasus-workflow/submit/poseidon/pegasus/variant-calling/run0335/00/03/bcftools_ID0000180.meta,/mnt/poseidon-data/poseidon/workflows/variant-calling-pegasus-workflow/submit/poseidon/pegasus/variant-calling/run0335/00/04/bcftools_ID0000257.meta,/mnt/poseidon-data/poseidon/workflows/variant-calling-pegasus-workflow/submit/poseidon/pegasus/variant-calling/run0335/00/04/bcftools_ID0000191.meta,/mnt/poseidon-data/poseidon/workflows/variant-calling-pegasus-workflow/submit/poseidon/pegasus/variant-calling/run0335/00/03/bcftools_ID0000004.meta,/mnt/poseidon-data/poseidon/workflows/variant-calling-pegasus-workflow/submit/poseidon/pegasus/variant-calling/run0335/00/04/bcftools_ID0000279.meta,/mnt/poseidon-data/poseidon/workflows/variant-calling-pegasus-workflow/submit/poseidon/pegasus/variant-calling/run0335/00/04/bcftools_ID0000268.meta,/mnt/poseidon-data/poseidon/workflows/variant-calling-pegasus-workflow/submit/poseidon/pegasus/variant-calling/run0335/00/03/bcftools_ID0000323.meta,/mnt/poseidon-data/poseidon/workflows/variant-calling-pegasus-workflow/submit/poseidon/pegasus/variant-calling/run0335/00/03/bcftools_ID0000202.meta,/mnt/poseidon-data/poseidon/workflows/variant-calling-pegasus-workflow/submit/poseidon/pegasus/variant-calling/run0335/00/04/bcftools_ID0000290.meta,/mnt/poseidon-data/poseidon/workflows/variant-calling-pegasus-workflow/submit/poseidon/pegasus/variant-calling/run0335/00/03/bcftools_ID0000213.meta --insert /mnt/poseidon-data/poseidon/workflows/variant-calling-pegasus-workflow/submit/poseidon/pegasus/variant-calling/run0335/00/04/register_condorpool_3_4.in",2.7,0,0,,,,,,,,,
vcfutils_ID0000215,None,compute,0,1702023292.0,,,1702023297.0,1702023299.0,1702023312.0,58084053.2,1702023297.0,1702023327.0,1702023318.0,1702023321.0,8598.0,1702023327.0,1702023332.0,5.0,,0.0,30.0,5.0,13.0,368535358.0,3.0,26423.0,poseidon,condorpool,poseidon-worker-2-container-40-43,vcfutils,/opt/software/install/bcftools/1.15.1/bin/vcfutils.pl,,0.0,0,0,,,,,,,,,
vcfutils_ID0000138,None,compute,0,1702023302.0,,,1702023307.0,1702023309.0,1702023322.0,58078792.0,1702023308.0,1702023337.0,1702023328.0,1702023331.0,8535.0,1702023337.0,1702023342.0,5.0,,1.0,29.0,5.0,13.0,368535358.0,3.0,26423.0,poseidon,condorpool,poseidon-worker-1-container-44-47,vcfutils,/opt/software/install/bcftools/1.15.1/bin/vcfutils.pl,,0.0,0,0,,,,,,,,,
vcfutils_ID0000193,None,compute,0,1702023307.0,,,1702023312.0,1702023315.0,1702023328.0,58175249.8,1702023313.0,1702023347.0,1702023333.0,1702023336.0,8551.0,1702023347.0,1702023352.0,5.0,,1.0,34.0,5.0,13.0,368535358.0,3.0,26423.0,poseidon,condorpool,poseidon-worker-2-container-40-43,vcfutils,/opt/software/install/bcftools/1.15.1/bin/vcfutils.pl,,0.0,0,0,,,,,,,,,
vcfutils_ID0000281,None,compute,0,1702023312.0,,,1702023317.0,1702023320.0,1702023333.0,57939874.2,1702023318.0,1702023347.0,1702023338.0,1702023341.0,8557.0,1702023347.0,1702023352.0,5.0,,1.0,29.0,5.0,13.0,368535359.0,3.0,26418.0,poseidon,condorpool,poseidon-worker-1-container-44-47,vcfutils,/opt/software/install/bcftools/1.15.1/bin/vcfutils.pl,,0.0,0,0,,,,,,,,,
vcfutils_ID0000072,None,compute,0,1702023312.0,,,1702023317.0,1702023320.0,1702023333.0,57885742.6,1702023318.0,1702023352.0,1702023338.0,1702023341.0,8597.0,1702023352.0,1702023357.0,5.0,,1.0,34.0,5.0,13.0,368535358.0,3.0,26415.0,poseidon,condorpool,poseidon-worker-2-container-44-47,vcfutils,/opt/software/install/bcftools/1.15.1/bin/vcfutils.pl,,0.0,0,0,,,,,,,,,
vcfutils_ID0000325,None,compute,0,1702023322.0,,,1702023327.0,1702023329.0,1702023342.0,56443281.0,1702023327.0,1702023357.0,1702023348.0,1702023351.0,8596.0,1702023357.0,1702023362.0,5.0,,0.0,30.0,5.0,13.0,368535359.0,3.0,26416.0,poseidon,condorpool,poseidon-worker-2-container-24-27,vcfutils,/opt/software/install/bcftools/1.15.1/bin/vcfutils.pl,,0.0,0,0,,,,,,,,,
vcfutils_ID0000314,None,compute,0,1702023322.0,,,1702023327.0,1702023329.0,1702023342.0,57674463.0,1702023327.0,1702023357.0,1702023348.0,1702023351.0,8587.0,1702023357.0,1702023362.0,5.0,,0.0,30.0,5.0,13.0,368535358.0,3.0,26418.0,poseidon,condorpool,poseidon-worker-2-container-40-43,vcfutils,/opt/software/install/bcftools/1.15.1/bin/vcfutils.pl,,0.0,0,0,,,,,,,,,
register_condorpool_4_0,None,auxiliary,0,1702023327.0,,,1702023332.0,,,0.0,1702023332.0,1702023337.0,,,0.0,1702023337.0,1702023342.0,5.0,,0.0,5.0,5.0,,,,,poseidon,local,poseidon-submit,pegasus::rc-client,/mnt/poseidon-data/poseidon/pegasus-5.1.0panorama/bin/pegasus-rc-client,"-n pegasus::rc-client -N null -R local  -L variant-calling -T 2023-11-15T22:51:21+00:00 /home/poseidon/pegasus-5.1.0panorama/bin/pegasus-rc-client --prefix pegasus.catalog.replica.output --conf /mnt/poseidon-data/poseidon/workflows/variant-calling-pegasus-workflow/submit/poseidon/pegasus/variant-calling/run0335/pegasus.12663276954980669191.properties -v --meta /mnt/poseidon-data/poseidon/workflows/variant-calling-pegasus-workflow/submit/poseidon/pegasus/variant-calling/run0335/00/05/bcftools_ID0000027.meta,/mnt/poseidon-data/poseidon/workflows/variant-calling-pegasus-workflow/submit/poseidon/pegasus/variant-calling/run0335/00/05/bcftools_ID0000302.meta,/mnt/poseidon-data/poseidon/workflows/variant-calling-pegasus-workflow/submit/poseidon/pegasus/variant-calling/run0335/00/05/bcftools_ID0000313.meta,/mnt/poseidon-data/poseidon/workflows/variant-calling-pegasus-workflow/submit/poseidon/pegasus/variant-calling/run0335/00/05/bcftools_ID0000016.meta,/mnt/poseidon-data/poseidon/workflows/variant-calling-pegasus-workflow/submit/poseidon/pegasus/variant-calling/run0335/00/05/bcftools_ID0000049.meta,/mnt/poseidon-data/poseidon/workflows/variant-calling-pegasus-workflow/submit/poseidon/pegasus/variant-calling/run0335/00/04/bcftools_ID0000115.meta,/mnt/poseidon-data/poseidon/workflows/variant-calling-pegasus-workflow/submit/poseidon/pegasus/variant-calling/run0335/00/04/bcftools_ID0000104.meta,/mnt/poseidon-data/poseidon/workflows/variant-calling-pegasus-workflow/submit/poseidon/pegasus/variant-calling/run0335/00/05/bcftools_ID0000098.meta,/mnt/poseidon-data/poseidon/workflows/variant-calling-pegasus-workflow/submit/poseidon/pegasus/variant-calling/run0335/00/04/bcftools_ID0000126.meta,/mnt/poseidon-data/poseidon/workflows/variant-calling-pegasus-workflow/submit/poseidon/pegasus/variant-calling/run0335/00/05/bcftools_ID0000038.meta --insert /mnt/poseidon-data/poseidon/workflows/variant-calling-pegasus-workflow/submit/poseidon/pegasus/variant-calling/run0335/00/05/register_condorpool_4_0.in",2.7,0,0,,,,,,,,,
vcfutils_ID0000039,None,compute,0,1702023327.0,,,1702023332.0,1702023334.0,1702023347.0,57913009.0,1702023333.0,1702023362.0,1702023353.0,1702023356.0,8515.0,1702023362.0,1702023367.0,5.0,,1.0,29.0,5.0,13.0,368535357.0,3.0,26415.0,poseidon,condorpool,poseidon-worker-1-container-36-39,vcfutils,/opt/software/install/bcftools/1.15.1/bin/vcfutils.pl,,0.0,0,0,,,,,,,,,
vcfutils_ID0000204,None,compute,0,1702023332.0,,,1702023337.0,1702023340.0,1702023353.0,55316858.4,1702023338.0,1702023367.0,1702023358.0,1702023361.0,8510.0,1702023367.0,1702023372.0,5.0,,1.0,29.0,5.0,13.0,368535358.0,3.0,26420.0,poseidon,condorpool,poseidon-worker-1-container-44-47,vcfutils,/opt/software/install/bcftools/1.15.1/bin/vcfutils.pl,,0.0,0,0,,,,,,,,,
vcfutils_ID0000006,None,compute,0,1702023337.0,,,1702023342.0,1702023344.0,1702023357.0,58099181.0,1702023342.0,1702023372.0,1702023362.0,1702023365.0,8550.0,1702023372.0,1702023377.0,5.0,,0.0,30.0,5.0,13.0,368535358.0,3.0,26419.0,poseidon,condorpool,poseidon-worker-1-container-44-47,vcfutils,/opt/software/install/bcftools/1.15.1/bin/vcfutils.pl,,0.0,0,0,,,,,,,,,
register_condorpool_4_4,None,auxiliary,0,1702023337.0,,,1702023342.0,,,0.0,1702023343.0,1702023347.0,,,0.0,1702023347.0,1702023352.0,5.0,,1.0,4.0,5.0,,,,,poseidon,local,poseidon-submit,pegasus::rc-client,/mnt/poseidon-data/poseidon/pegasus-5.1.0panorama/bin/pegasus-rc-client,"-n pegasus::rc-client -N null -R local  -L variant-calling -T 2023-11-15T22:51:21+00:00 /home/poseidon/pegasus-5.1.0panorama/bin/pegasus-rc-client --prefix pegasus.catalog.replica.output --conf /mnt/poseidon-data/poseidon/workflows/variant-calling-pegasus-workflow/submit/poseidon/pegasus/variant-calling/run0335/pegasus.12663276954980669191.properties -v --meta /mnt/poseidon-data/poseidon/workflows/variant-calling-pegasus-workflow/submit/poseidon/pegasus/variant-calling/run0335/00/05/bcftools_ID0000192.meta,/mnt/poseidon-data/poseidon/workflows/variant-calling-pegasus-workflow/submit/poseidon/pegasus/variant-calling/run0335/00/05/bcftools_ID0000280.meta,/mnt/poseidon-data/poseidon/workflows/variant-calling-pegasus-workflow/submit/poseidon/pegasus/variant-calling/run0335/00/05/bcftools_ID0000291.meta,/mnt/poseidon-data/poseidon/workflows/variant-calling-pegasus-workflow/submit/poseidon/pegasus/variant-calling/run0335/00/05/bcftools_ID0000258.meta,/mnt/poseidon-data/poseidon/workflows/variant-calling-pegasus-workflow/submit/poseidon/pegasus/variant-calling/run0335/00/04/bcftools_ID0000005.meta,/mnt/poseidon-data/poseidon/workflows/variant-calling-pegasus-workflow/submit/poseidon/pegasus/variant-calling/run0335/00/05/bcftools_ID0000181.meta,/mnt/poseidon-data/poseidon/workflows/variant-calling-pegasus-workflow/submit/poseidon/pegasus/variant-calling/run0335/00/05/bcftools_ID0000203.meta,/mnt/poseidon-data/poseidon/workflows/variant-calling-pegasus-workflow/submit/poseidon/pegasus/variant-calling/run0335/00/04/bcftools_ID0000324.meta,/mnt/poseidon-data/poseidon/workflows/variant-calling-pegasus-workflow/submit/poseidon/pegasus/variant-calling/run0335/00/05/bcftools_ID0000269.meta,/mnt/poseidon-data/poseidon/workflows/variant-calling-pegasus-workflow/submit/poseidon/pegasus/variant-calling/run0335/00/04/bcftools_ID0000214.meta --insert /mnt/poseidon-data/poseidon/workflows/variant-calling-pegasus-workflow/submit/poseidon/pegasus/variant-calling/run0335/00/05/register_condorpool_4_4.in",2.6,0,0,,,,,,,,,
stage_out_local_condorpool_5_0,None,transfer,0,1702023367.0,,,1702023372.0,,,0.0,1702023372.0,1702023382.0,1702023372.0,1702023376.0,59446.0,1702023382.0,1702023387.0,5.0,,0.0,10.0,5.0,,,4.0,239473.0,poseidon,local,poseidon-submit,pegasus::transfer,/mnt/poseidon-data/poseidon/pegasus-5.1.0panorama/bin/pegasus-transfer,/home/poseidon/pegasus-5.1.0panorama/bin/../bin/pegasus-kickstart  -n pegasus::transfer -N null -i - -R local  -L variant-calling -T 2023-11-15T22:51:21+00:00 /home/poseidon/pegasus-5.1.0panorama/bin/../bin/pegasus-transfer  --threads 2,1.1,0,0,,,,,,,,,
register_condorpool_3_2,None,auxiliary,0,1702023372.0,,,1702023377.0,,,0.0,1702023377.0,1702023382.0,,,0.0,1702023382.0,1702023387.0,5.0,,0.0,5.0,5.0,,,,,poseidon,local,poseidon-submit,pegasus::rc-client,/mnt/poseidon-data/poseidon/pegasus-5.1.0panorama/bin/pegasus-rc-client,"-n pegasus::rc-client -N null -R local  -L variant-calling -T 2023-11-15T22:51:21+00:00 /home/poseidon/pegasus-5.1.0panorama/bin/pegasus-rc-client --prefix pegasus.catalog.replica.output --conf /mnt/poseidon-data/poseidon/workflows/variant-calling-pegasus-workflow/submit/poseidon/pegasus/variant-calling/run0335/pegasus.12663276954980669191.properties -v --meta /mnt/poseidon-data/poseidon/workflows/variant-calling-pegasus-workflow/submit/poseidon/pegasus/variant-calling/run0335/00/03/bcftools_ID0000246.meta,/mnt/poseidon-data/poseidon/workflows/variant-calling-pegasus-workflow/submit/poseidon/pegasus/variant-calling/run0335/00/03/bcftools_ID0000224.meta,/mnt/poseidon-data/poseidon/workflows/variant-calling-pegasus-workflow/submit/poseidon/pegasus/variant-calling/run0335/00/03/bcftools_ID0000081.meta,/mnt/poseidon-data/poseidon/workflows/variant-calling-pegasus-workflow/submit/poseidon/pegasus/variant-calling/run0335/00/04/bcftools_ID0000147.meta,/mnt/poseidon-data/poseidon/workflows/variant-calling-pegasus-workflow/submit/poseidon/pegasus/variant-calling/run0335/00/04/bcftools_ID0000169.meta,/mnt/poseidon-data/poseidon/workflows/variant-calling-pegasus-workflow/submit/poseidon/pegasus/variant-calling/run0335/00/04/bcftools_ID0000158.meta,/mnt/poseidon-data/poseidon/workflows/variant-calling-pegasus-workflow/submit/poseidon/pegasus/variant-calling/run0335/00/04/bcftools_ID0000136.meta,/mnt/poseidon-data/poseidon/workflows/variant-calling-pegasus-workflow/submit/poseidon/pegasus/variant-calling/run0335/00/03/bcftools_ID0000235.meta,/mnt/poseidon-data/poseidon/workflows/variant-calling-pegasus-workflow/submit/poseidon/pegasus/variant-calling/run0335/00/03/bcftools_ID0000059.meta,/mnt/poseidon-data/poseidon/workflows/variant-calling-pegasus-workflow/submit/poseidon/pegasus/variant-calling/run0335/00/03/bcftools_ID0000070.meta --insert /mnt/poseidon-data/poseidon/workflows/variant-calling-pegasus-workflow/submit/poseidon/pegasus/variant-calling/run0335/00/04/register_condorpool_3_2.in",2.8,0,0,,,,,,,,,
bcftools_ID0000170,None,compute,0,1702023372.0,,,1702023377.0,1702023379.0,1702023393.0,79079682.0,1702023378.0,1702023412.0,1702023402.0,1702023405.0,8575.0,1702023412.0,1702023417.0,5.0,,1.0,34.0,5.0,14.0,528098738.0,3.0,26430.0,poseidon,condorpool,poseidon-worker-2-container-40-43,bcftools,/opt/software/install/bcftools/1.15.1/bin/bcftools,,3.4,0,0,,,,,,,,,
stage_out_local_condorpool_5_4,None,transfer,0,1702023377.0,,,1702023382.0,,,0.0,1702023382.0,1702023392.0,1702023382.0,1702023386.0,65567.0,1702023392.0,1702023397.0,5.0,,0.0,10.0,5.0,,,4.0,264193.0,poseidon,local,poseidon-submit,pegasus::transfer,/mnt/poseidon-data/poseidon/pegasus-5.1.0panorama/bin/pegasus-transfer,/home/poseidon/pegasus-5.1.0panorama/bin/../bin/pegasus-kickstart  -n pegasus::transfer -N null -i - -R local  -L variant-calling -T 2023-11-15T22:51:21+00:00 /home/poseidon/pegasus-5.1.0panorama/bin/../bin/pegasus-transfer  --threads 2,1.0,0,0,,,,,,,,,
register_condorpool_5_0,None,auxiliary,0,1702023387.0,,,1702023392.0,,,0.0,1702023392.0,1702023397.0,,,0.0,1702023397.0,1702023402.0,5.0,,0.0,5.0,5.0,,,,,poseidon,local,poseidon-submit,pegasus::rc-client,/mnt/poseidon-data/poseidon/pegasus-5.1.0panorama/bin/pegasus-rc-client,"-n pegasus::rc-client -N null -R local  -L variant-calling -T 2023-11-15T22:51:21+00:00 /home/poseidon/pegasus-5.1.0panorama/bin/pegasus-rc-client --prefix pegasus.catalog.replica.output --conf /mnt/poseidon-data/poseidon/workflows/variant-calling-pegasus-workflow/submit/poseidon/pegasus/variant-calling/run0335/pegasus.12663276954980669191.properties -v --meta /mnt/poseidon-data/poseidon/workflows/variant-calling-pegasus-workflow/submit/poseidon/pegasus/variant-calling/run0335/00/06/vcfutils_ID0000105.meta,/mnt/poseidon-data/poseidon/workflows/variant-calling-pegasus-workflow/submit/poseidon/pegasus/variant-calling/run0335/00/06/vcfutils_ID0000099.meta,/mnt/poseidon-data/poseidon/workflows/variant-calling-pegasus-workflow/submit/poseidon/pegasus/variant-calling/run0335/00/06/vcfutils_ID0000050.meta,/mnt/poseidon-data/poseidon/workflows/variant-calling-pegasus-workflow/submit/poseidon/pegasus/variant-calling/run0335/00/05/vcfutils_ID0000116.meta,/mnt/poseidon-data/poseidon/workflows/variant-calling-pegasus-workflow/submit/poseidon/pegasus/variant-calling/run0335/00/06/vcfutils_ID0000127.meta,/mnt/poseidon-data/poseidon/workflows/variant-calling-pegasus-workflow/submit/poseidon/pegasus/variant-calling/run0335/00/06/vcfutils_ID0000039.meta,/mnt/poseidon-data/poseidon/workflows/variant-calling-pegasus-workflow/submit/poseidon/pegasus/variant-calling/run0335/00/06/vcfutils_ID0000303.meta,/mnt/poseidon-data/poseidon/workflows/variant-calling-pegasus-workflow/submit/poseidon/pegasus/variant-calling/run0335/00/07/vcfutils_ID0000028.meta,/mnt/poseidon-data/poseidon/workflows/variant-calling-pegasus-workflow/submit/poseidon/pegasus/variant-calling/run0335/00/06/vcfutils_ID0000017.meta,/mnt/poseidon-data/poseidon/workflows/variant-calling-pegasus-workflow/submit/poseidon/pegasus/variant-calling/run0335/00/06/vcfutils_ID0000314.meta --insert /mnt/poseidon-data/poseidon/workflows/variant-calling-pegasus-workflow/submit/poseidon/pegasus/variant-calling/run0335/00/07/register_condorpool_5_0.in",2.7,0,0,,,,,,,,,
register_condorpool_5_4,None,auxiliary,0,1702023397.0,,,1702023402.0,,,0.0,1702023402.0,1702023407.0,,,0.0,1702023407.0,1702023412.0,5.0,,0.0,5.0,5.0,,,,,poseidon,local,poseidon-submit,pegasus::rc-client,/mnt/poseidon-data/poseidon/pegasus-5.1.0panorama/bin/pegasus-rc-client,"-n pegasus::rc-client -N null -R local  -L variant-calling -T 2023-11-15T22:51:21+00:00 /home/poseidon/pegasus-5.1.0panorama/bin/pegasus-rc-client --prefix pegasus.catalog.replica.output --conf /mnt/poseidon-data/poseidon/workflows/variant-calling-pegasus-workflow/submit/poseidon/pegasus/variant-calling/run0335/pegasus.12663276954980669191.properties -v --meta /mnt/poseidon-data/poseidon/workflows/variant-calling-pegasus-workflow/submit/poseidon/pegasus/variant-calling/run0335/00/06/vcfutils_ID0000215.meta,/mnt/poseidon-data/poseidon/workflows/variant-calling-pegasus-workflow/submit/poseidon/pegasus/variant-calling/run0335/00/07/vcfutils_ID0000270.meta,/mnt/poseidon-data/poseidon/workflows/variant-calling-pegasus-workflow/submit/poseidon/pegasus/variant-calling/run0335/00/06/vcfutils_ID0000204.meta,/mnt/poseidon-data/poseidon/workflows/variant-calling-pegasus-workflow/submit/poseidon/pegasus/variant-calling/run0335/00/06/vcfutils_ID0000325.meta,/mnt/poseidon-data/poseidon/workflows/variant-calling-pegasus-workflow/submit/poseidon/pegasus/variant-calling/run0335/00/06/vcfutils_ID0000182.meta,/mnt/poseidon-data/poseidon/workflows/variant-calling-pegasus-workflow/submit/poseidon/pegasus/variant-calling/run0335/00/06/vcfutils_ID0000006.meta,/mnt/poseidon-data/poseidon/workflows/variant-calling-pegasus-workflow/submit/poseidon/pegasus/variant-calling/run0335/00/06/vcfutils_ID0000281.meta,/mnt/poseidon-data/poseidon/workflows/variant-calling-pegasus-workflow/submit/poseidon/pegasus/variant-calling/run0335/00/06/vcfutils_ID0000292.meta,/mnt/poseidon-data/poseidon/workflows/variant-calling-pegasus-workflow/submit/poseidon/pegasus/variant-calling/run0335/00/06/vcfutils_ID0000193.meta,/mnt/poseidon-data/poseidon/workflows/variant-calling-pegasus-workflow/submit/poseidon/pegasus/variant-calling/run0335/00/06/vcfutils_ID0000259.meta --insert /mnt/poseidon-data/poseidon/workflows/variant-calling-pegasus-workflow/submit/poseidon/pegasus/variant-calling/run0335/00/07/register_condorpool_5_4.in",2.6,0,0,,,,,,,,,
register_condorpool_4_2,None,auxiliary,0,1702023417.0,,,1702023422.0,,,0.0,1702023422.0,1702023427.0,,,0.0,1702023427.0,1702023432.0,5.0,,0.0,5.0,5.0,,,,,poseidon,local,poseidon-submit,pegasus::rc-client,/mnt/poseidon-data/poseidon/pegasus-5.1.0panorama/bin/pegasus-rc-client,"-n pegasus::rc-client -N null -R local  -L variant-calling -T 2023-11-15T22:51:21+00:00 /home/poseidon/pegasus-5.1.0panorama/bin/pegasus-rc-client --prefix pegasus.catalog.replica.output --conf /mnt/poseidon-data/poseidon/workflows/variant-calling-pegasus-workflow/submit/poseidon/pegasus/variant-calling/run0335/pegasus.12663276954980669191.properties -v --meta /mnt/poseidon-data/poseidon/workflows/variant-calling-pegasus-workflow/submit/poseidon/pegasus/variant-calling/run0335/00/04/bcftools_ID0000236.meta,/mnt/poseidon-data/poseidon/workflows/variant-calling-pegasus-workflow/submit/poseidon/pegasus/variant-calling/run0335/00/05/bcftools_ID0000082.meta,/mnt/poseidon-data/poseidon/workflows/variant-calling-pegasus-workflow/submit/poseidon/pegasus/variant-calling/run0335/00/05/bcftools_ID0000071.meta,/mnt/poseidon-data/poseidon/workflows/variant-calling-pegasus-workflow/submit/poseidon/pegasus/variant-calling/run0335/00/04/bcftools_ID0000247.meta,/mnt/poseidon-data/poseidon/workflows/variant-calling-pegasus-workflow/submit/poseidon/pegasus/variant-calling/run0335/00/05/bcftools_ID0000060.meta,/mnt/poseidon-data/poseidon/workflows/variant-calling-pegasus-workflow/submit/poseidon/pegasus/variant-calling/run0335/00/05/bcftools_ID0000159.meta,/mnt/poseidon-data/poseidon/workflows/variant-calling-pegasus-workflow/submit/poseidon/pegasus/variant-calling/run0335/00/05/bcftools_ID0000148.meta,/mnt/poseidon-data/poseidon/workflows/variant-calling-pegasus-workflow/submit/poseidon/pegasus/variant-calling/run0335/00/04/bcftools_ID0000225.meta,/mnt/poseidon-data/poseidon/workflows/variant-calling-pegasus-workflow/submit/poseidon/pegasus/variant-calling/run0335/00/05/bcftools_ID0000170.meta,/mnt/poseidon-data/poseidon/workflows/variant-calling-pegasus-workflow/submit/poseidon/pegasus/variant-calling/run0335/00/05/bcftools_ID0000137.meta --insert /mnt/poseidon-data/poseidon/workflows/variant-calling-pegasus-workflow/submit/poseidon/pegasus/variant-calling/run0335/00/05/register_condorpool_4_2.in",2.8,0,0,,,,,,,,,
vcfutils_ID0000171,None,compute,0,1702023417.0,,,1702023422.0,1702023424.0,1702023437.0,57182721.4,1702023423.0,1702023452.0,1702023443.0,1702023446.0,8563.0,1702023452.0,1702023457.0,5.0,,1.0,29.0,5.0,13.0,368535358.0,3.0,26422.0,poseidon,condorpool,poseidon-worker-2-container-40-43,vcfutils,/opt/software/install/bcftools/1.15.1/bin/vcfutils.pl,,0.0,0,0,,,,,,,,,
stage_out_local_condorpool_5_2,None,transfer,0,1702023457.0,,,1702023462.0,,,0.0,1702023462.0,1702023472.0,1702023463.0,1702023467.0,65341.0,1702023472.0,1702023477.0,5.0,,0.0,10.0,5.0,,,4.0,263302.0,poseidon,local,poseidon-submit,pegasus::transfer,/mnt/poseidon-data/poseidon/pegasus-5.1.0panorama/bin/pegasus-transfer,/home/poseidon/pegasus-5.1.0panorama/bin/../bin/pegasus-kickstart  -n pegasus::transfer -N null -i - -R local  -L variant-calling -T 2023-11-15T22:51:21+00:00 /home/poseidon/pegasus-5.1.0panorama/bin/../bin/pegasus-transfer  --threads 2,1.1,0,0,,,,,,,,,
register_condorpool_5_2,None,auxiliary,0,1702023477.0,,,1702023482.0,,,0.0,1702023482.0,1702023487.0,,,0.0,1702023487.0,1702023492.0,5.0,,0.0,5.0,5.0,,,,,poseidon,local,poseidon-submit,pegasus::rc-client,/mnt/poseidon-data/poseidon/pegasus-5.1.0panorama/bin/pegasus-rc-client,"-n pegasus::rc-client -N null -R local  -L variant-calling -T 2023-11-15T22:51:21+00:00 /home/poseidon/pegasus-5.1.0panorama/bin/pegasus-rc-client --prefix pegasus.catalog.replica.output --conf /mnt/poseidon-data/poseidon/workflows/variant-calling-pegasus-workflow/submit/poseidon/pegasus/variant-calling/run0335/pegasus.12663276954980669191.properties -v --meta /mnt/poseidon-data/poseidon/workflows/variant-calling-pegasus-workflow/submit/poseidon/pegasus/variant-calling/run0335/00/06/vcfutils_ID0000138.meta,/mnt/poseidon-data/poseidon/workflows/variant-calling-pegasus-workflow/submit/poseidon/pegasus/variant-calling/run0335/00/06/vcfutils_ID0000248.meta,/mnt/poseidon-data/poseidon/workflows/variant-calling-pegasus-workflow/submit/poseidon/pegasus/variant-calling/run0335/00/07/vcfutils_ID0000149.meta,/mnt/poseidon-data/poseidon/workflows/variant-calling-pegasus-workflow/submit/poseidon/pegasus/variant-calling/run0335/00/06/vcfutils_ID0000061.meta,/mnt/poseidon-data/poseidon/workflows/variant-calling-pegasus-workflow/submit/poseidon/pegasus/variant-calling/run0335/00/06/vcfutils_ID0000083.meta,/mnt/poseidon-data/poseidon/workflows/variant-calling-pegasus-workflow/submit/poseidon/pegasus/variant-calling/run0335/00/06/vcfutils_ID0000226.meta,/mnt/poseidon-data/poseidon/workflows/variant-calling-pegasus-workflow/submit/poseidon/pegasus/variant-calling/run0335/00/06/vcfutils_ID0000160.meta,/mnt/poseidon-data/poseidon/workflows/variant-calling-pegasus-workflow/submit/poseidon/pegasus/variant-calling/run0335/00/06/vcfutils_ID0000237.meta,/mnt/poseidon-data/poseidon/workflows/variant-calling-pegasus-workflow/submit/poseidon/pegasus/variant-calling/run0335/00/06/vcfutils_ID0000171.meta,/mnt/poseidon-data/poseidon/workflows/variant-calling-pegasus-workflow/submit/poseidon/pegasus/variant-calling/run0335/00/06/vcfutils_ID0000072.meta --insert /mnt/poseidon-data/poseidon/workflows/variant-calling-pegasus-workflow/submit/poseidon/pegasus/variant-calling/run0335/00/07/register_condorpool_5_2.in",2.7,0,0,,,,,,,,,
cleanup_variant-calling_0_condorpool,None,auxiliary,0,1702023477.0,,,1702023482.0,,,0.0,1702023482.0,1702023497.0,,,0.0,1702023497.0,1702023502.0,5.0,,0.0,15.0,5.0,,,,,poseidon,local,poseidon-submit,pegasus::cleanup,/mnt/poseidon-data/poseidon/pegasus-5.1.0panorama/bin/pegasus-transfer,pegasus-kickstart  -n pegasus::cleanup -N null -i - -R local  -L variant-calling -T 2023-11-15T22:51:21+00:00 pegasus-transfer,0.3,0,0,,,,,,,,,
