,anomaly_type,type,is_clustered,ready,pre_script_start,pre_script_end,submit,stage_in_start,stage_in_end,stage_in_effective_bytes_per_sec,execute_start,execute_end,stage_out_start,stage_out_end,stage_out_effective_bytes_per_sec,post_script_start,post_script_end,wms_delay,pre_script_delay,queue_delay,runtime,post_script_delay,stage_in_delay,stage_in_bytes,stage_out_delay,stage_out_bytes,kickstart_user,kickstart_site,kickstart_hostname,kickstart_transformations,kickstart_executables,kickstart_executables_argv,kickstart_executables_cpu_time,kickstart_status,kickstart_executables_exitcode,kickstart_online_iowait,kickstart_online_bytes_read,kickstart_online_bytes_written,kickstart_online_read_system_calls,kickstart_online_write_system_calls,kickstart_online_utime,kickstart_online_stime,kickstart_online_bytes_read_per_second,kickstart_online_bytes_written_per_second
create_dir_casa-nowcast-small_0_condorpool,None,auxiliary,0,1706682899.0,,,1706682900.0,,,0.0,1706682905.0,1706682910.0,,,0.0,1706682910.0,1706682915.0,1.0,,5.0,5.0,5.0,,,,,poseidon,local,poseidon-submit,pegasus::dirmanager,/mnt/poseidon-data/poseidon/pegasus-5.1.0panorama/bin/pegasus-transfer,pegasus-kickstart  -n pegasus::dirmanager -N null -i - -R local  -L casa-nowcast-small -T 2024-01-31T00:08:22+00:00 pegasus-transfer,0.3,0,0,,,,,,,,,
NowcastToWDSS2_ID0000253,cpu_2,compute,0,1706682915.0,,,1706682920.0,1706682941.0,1706682952.0,30845184.5,1706682940.0,1706682970.0,1706682957.0,1706682961.0,1240401.0,1706682970.0,1706682975.0,5.0,,20.0,30.0,5.0,11.0,170460244.0,4.0,5023736.0,poseidon,condorpool,poseidon-worker-2-container-16-19,NowcastToWDSS2,/opt/NowcastToWDSS2/NowcastToWDSS2,,0.1,0,0,,,,,,,,,
NowcastToWDSS2_ID0000064,None,compute,0,1706682915.0,,,1706682920.0,1706682941.0,1706682952.0,29411518.0,1706682940.0,1706682970.0,1706682958.0,1706682961.0,1297609.0,1706682970.0,1706682975.0,5.0,,20.0,30.0,5.0,11.0,170460244.0,3.0,5023736.0,poseidon,condorpool,poseidon-worker-1-container-44-47,NowcastToWDSS2,/opt/NowcastToWDSS2/NowcastToWDSS2,,0.1,0,0,,,,,,,,,
NowcastToWDSS2_ID0000001,None,compute,0,1706682915.0,,,1706682920.0,1706682941.0,1706682952.0,30771933.5,1706682940.0,1706682970.0,1706682957.0,1706682961.0,1239027.0,1706682970.0,1706682975.0,5.0,,20.0,30.0,5.0,11.0,170460244.0,4.0,5023736.0,poseidon,condorpool,poseidon-worker-2-container-40-43,NowcastToWDSS2,/opt/NowcastToWDSS2/NowcastToWDSS2,,0.1,0,0,,,,,,,,,
NowcastToWDSS2_ID0000316,None,compute,0,1706682915.0,,,1706682920.0,1706682941.0,1706682952.0,33389069.4,1706682940.0,1706682970.0,1706682958.0,1706682961.0,1281411.0,1706682970.0,1706682975.0,5.0,,20.0,30.0,5.0,11.0,170460244.0,3.0,5023736.0,poseidon,condorpool,poseidon-worker-2-container-8-11,NowcastToWDSS2,/opt/NowcastToWDSS2/NowcastToWDSS2,,0.0,0,0,,,,,,,,,
NowcastToWDSS2_ID0000190,None,compute,0,1706682915.0,,,1706682920.0,1706682942.0,1706682953.0,30757367.0,1706682941.0,1706682970.0,1706682958.0,1706682962.0,1289147.0,1706682970.0,1706682975.0,5.0,,21.0,29.0,5.0,11.0,170460244.0,4.0,5023736.0,poseidon,condorpool,poseidon-worker-2-container-44-47,NowcastToWDSS2,/opt/NowcastToWDSS2/NowcastToWDSS2,,0.1,0,0,,,,,,,,,
NowcastToWDSS2_ID0000127,cpu_2,compute,0,1706682915.0,,,1706682920.0,1706682942.0,1706682953.0,30912860.0,1706682941.0,1706682970.0,1706682958.0,1706682962.0,1299398.0,1706682970.0,1706682975.0,5.0,,21.0,29.0,5.0,11.0,170460244.0,4.0,5023736.0,poseidon,condorpool,poseidon-worker-2-container-28-31,NowcastToWDSS2,/opt/NowcastToWDSS2/NowcastToWDSS2,,0.1,0,0,,,,,,,,,
mrtV2_ID0000206,None,compute,0,1706682975.0,,,1706682981.0,1706682988.0,1706683001.0,23736341.3,1706682986.0,1706683018.0,1706683006.0,1706683009.0,3137.0,1706683018.0,1706683023.0,6.0,,5.0,32.0,5.0,13.0,160605089.0,3.0,10254.0,poseidon,condorpool,poseidon-worker-2-container-4-7,mrtV2,/opt/mrtV2/mrtV2,,0.1,0,0,,,,,,,,,
merged_netcdf2png_ID0000243,cpu_2,compute,0,1706682975.0,,,1706682981.0,1706682987.0,1706682998.0,25102748.0,1706682983.0,1706683013.0,1706683004.0,1706683007.0,6794.0,1706683014.0,1706683018.0,6.0,,2.0,30.0,4.0,11.0,160656166.0,3.0,21751.0,poseidon,condorpool,poseidon-worker-1-container-20-23,merged_netcdf2png,/opt/netcdf2png/merged_netcdf2png,,0.1,0,0,,,,,,,,,
mrtV2_ID0000205,None,compute,0,1706682975.0,,,1706682981.0,1706682986.0,1706682998.0,24185918.0,1706682983.0,1706683013.0,1706683003.0,1706683006.0,3205.0,1706683014.0,1706683018.0,6.0,,2.0,30.0,4.0,12.0,160605089.0,3.0,10237.0,poseidon,condorpool,poseidon-worker-1-container-36-39,mrtV2,/opt/mrtV2/mrtV2,,0.1,0,0,,,,,,,,,
merged_netcdf2png_ID0000244,None,compute,0,1706682975.0,,,1706682981.0,1706682991.0,1706683002.0,26130246.8,1706682989.0,1706683018.0,1706683008.0,1706683011.0,6802.0,1706683018.0,1706683023.0,6.0,,8.0,29.0,5.0,11.0,160656166.0,3.0,21589.0,poseidon,condorpool,poseidon-worker-2-container-12-15,merged_netcdf2png,/opt/netcdf2png/merged_netcdf2png,,0.1,0,0,,,,,,,,,
mrtV2_ID0000208,None,compute,0,1706682975.0,,,1706682981.0,1706682989.0,1706683000.0,32054975.8,1706682988.0,1706683018.0,1706683006.0,1706683009.0,3146.0,1706683018.0,1706683023.0,6.0,,7.0,30.0,5.0,11.0,160605089.0,3.0,10131.0,poseidon,condorpool,poseidon-worker-1-container-16-19,mrtV2,/opt/mrtV2/mrtV2,,0.1,0,0,,,,,,,,,
merged_netcdf2png_ID0000245,None,compute,0,1706682975.0,,,1706682980.0,1706682985.0,1706682997.0,25857929.7,1706682982.0,1706683013.0,1706683002.0,1706683005.0,6605.0,1706683013.0,1706683018.0,5.0,,2.0,31.0,5.0,12.0,160656166.0,3.0,21637.0,poseidon,condorpool,poseidon-worker-2-container-0-3,merged_netcdf2png,/opt/netcdf2png/merged_netcdf2png,,0.1,0,0,,,,,,,,,
mrtV2_ID0000207,cpu_2,compute,0,1706682975.0,,,1706682980.0,1706682993.0,1706683004.0,31715511.0,1706682989.0,1706683023.0,1706683009.0,1706683013.0,3128.0,1706683023.0,1706683028.0,5.0,,9.0,34.0,5.0,11.0,160605089.0,4.0,9936.0,poseidon,condorpool,poseidon-worker-1-container-12-15,mrtV2,/opt/mrtV2/mrtV2,,0.0,0,0,,,,,,,,,
merged_netcdf2png_ID0000350,None,compute,0,1706682975.0,,,1706682998.0,1706683081.0,1706683091.0,27671022.5,1706683079.0,1706683109.0,1706683097.0,1706683100.0,7180.0,1706683109.0,1706683115.0,23.0,,81.0,30.0,6.0,10.0,160656166.0,3.0,22469.0,poseidon,condorpool,poseidon-worker-2-container-44-47,merged_netcdf2png,/opt/netcdf2png/merged_netcdf2png,,0.1,0,0,,,,,,,,,
merged_netcdf2png_ID0000351,cpu_2,compute,0,1706682975.0,,,1706682998.0,1706683079.0,1706683090.0,30895029.0,1706683078.0,1706683109.0,1706683096.0,1706683099.0,6953.0,1706683109.0,1706683115.0,23.0,,80.0,31.0,6.0,11.0,160656166.0,3.0,22257.0,poseidon,condorpool,poseidon-worker-2-container-16-19,merged_netcdf2png,/opt/netcdf2png/merged_netcdf2png,,0.1,0,0,,,,,,,,,
merged_netcdf2png_ID0000358,None,compute,0,1706682975.0,,,1706682998.0,1706683079.0,1706683090.0,27329328.5,1706683077.0,1706683109.0,1706683095.0,1706683098.0,6944.0,1706683109.0,1706683115.0,23.0,,79.0,32.0,6.0,11.0,160656166.0,3.0,22198.0,poseidon,condorpool,poseidon-worker-1-container-40-43,merged_netcdf2png,/opt/netcdf2png/merged_netcdf2png,,0.1,0,0,,,,,,,,,
merged_netcdf2png_ID0000357,None,compute,0,1706682975.0,,,1706682998.0,1706683080.0,1706683092.0,27170009.8,1706683078.0,1706683109.0,1706683097.0,1706683100.0,7109.0,1706683109.0,1706683115.0,23.0,,80.0,31.0,6.0,12.0,160656166.0,3.0,22330.0,poseidon,condorpool,poseidon-worker-2-container-24-27,merged_netcdf2png,/opt/netcdf2png/merged_netcdf2png,,0.1,0,0,,,,,,,,,
mrtV2_ID0000319,None,compute,0,1706682975.0,,,1706682998.0,1706683080.0,1706683091.0,28368870.4,1706683078.0,1706683109.0,1706683097.0,1706683100.0,3127.0,1706683109.0,1706683115.0,23.0,,80.0,31.0,6.0,11.0,160605089.0,3.0,9880.0,poseidon,condorpool,poseidon-worker-1-container-24-27,mrtV2,/opt/mrtV2/mrtV2,,0.1,0,0,,,,,,,,,
merged_netcdf2png_ID0000242,None,compute,0,1706682975.0,,,1706682981.0,1706682985.0,1706682997.0,22067616.0,1706682982.0,1706683013.0,1706683003.0,1706683006.0,6802.0,1706683013.0,1706683018.0,6.0,,1.0,31.0,5.0,12.0,160656166.0,3.0,21866.0,poseidon,condorpool,poseidon-worker-2-container-20-23,merged_netcdf2png,/opt/netcdf2png/merged_netcdf2png,,0.1,0,0,,,,,,,,,
merged_netcdf2png_ID0000359,cpu_2,compute,0,1706682975.0,,,1706682998.0,1706683081.0,1706683092.0,28181519.8,1706683077.0,1706683109.0,1706683097.0,1706683100.0,7049.0,1706683109.0,1706683115.0,23.0,,79.0,32.0,6.0,11.0,160656166.0,3.0,22042.0,poseidon,condorpool,poseidon-worker-1-container-8-11,merged_netcdf2png,/opt/netcdf2png/merged_netcdf2png,,0.1,0,0,,,,,,,,,
merged_netcdf2png_ID0000352,None,compute,0,1706682975.0,,,1706682998.0,1706683080.0,1706683091.0,27581344.0,1706683078.0,1706683109.0,1706683096.0,1706683099.0,7022.0,1706683109.0,1706683115.0,23.0,,80.0,31.0,6.0,11.0,160656166.0,3.0,22152.0,poseidon,condorpool,poseidon-worker-2-container-0-3,merged_netcdf2png,/opt/netcdf2png/merged_netcdf2png,,0.1,0,0,,,,,,,,,
merged_netcdf2png_ID0000353,None,compute,0,1706682975.0,,,1706682998.0,1706683078.0,1706683089.0,28611764.5,1706683076.0,1706683104.0,1706683095.0,1706683098.0,6956.0,1706683104.0,1706683109.0,23.0,,78.0,28.0,5.0,11.0,160656166.0,3.0,22120.0,poseidon,condorpool,poseidon-worker-2-container-8-11,merged_netcdf2png,/opt/netcdf2png/merged_netcdf2png,,0.1,0,0,,,,,,,,,
mrtV2_ID0000318,cpu_2,compute,0,1706682975.0,,,1706682998.0,1706683080.0,1706683091.0,28209077.0,1706683077.0,1706683109.0,1706683096.0,1706683099.0,3516.0,1706683109.0,1706683115.0,23.0,,79.0,32.0,6.0,11.0,160605089.0,3.0,11018.0,poseidon,condorpool,poseidon-worker-1-container-8-11,mrtV2,/opt/mrtV2/mrtV2,,0.0,0,0,,,,,,,,,
merged_netcdf2png_ID0000354,None,compute,0,1706682975.0,,,1706682998.0,1706683078.0,1706683089.0,30188586.0,1706683076.0,1706683104.0,1706683095.0,1706683098.0,7045.0,1706683104.0,1706683109.0,23.0,,78.0,28.0,5.0,11.0,160656166.0,3.0,22340.0,poseidon,condorpool,poseidon-worker-2-container-36-39,merged_netcdf2png,/opt/netcdf2png/merged_netcdf2png,,0.1,0,0,,,,,,,,,
merged_netcdf2png_ID0000355,None,compute,0,1706682975.0,,,1706682998.0,1706683078.0,1706683089.0,26984549.5,1706683076.0,1706683104.0,1706683094.0,1706683098.0,6825.0,1706683104.0,1706683109.0,23.0,,78.0,28.0,5.0,11.0,160656166.0,4.0,21992.0,poseidon,condorpool,poseidon-worker-1-container-4-7,merged_netcdf2png,/opt/netcdf2png/merged_netcdf2png,,0.1,0,0,,,,,,,,,
merged_netcdf2png_ID0000356,None,compute,0,1706682975.0,,,1706682998.0,1706683080.0,1706683091.0,28472947.0,1706683079.0,1706683109.0,1706683096.0,1706683099.0,7060.0,1706683109.0,1706683115.0,23.0,,81.0,30.0,6.0,11.0,160656166.0,3.0,22203.0,poseidon,condorpool,poseidon-worker-2-container-44-47,merged_netcdf2png,/opt/netcdf2png/merged_netcdf2png,,0.1,0,0,,,,,,,,,
merged_netcdf2png_ID0000249,None,compute,0,1706682975.0,,,1706682981.0,1706682985.0,1706682999.0,20005034.7,1706682983.0,1706683018.0,1706683005.0,1706683008.0,6679.0,1706683018.0,1706683023.0,6.0,,2.0,35.0,5.0,14.0,160656166.0,3.0,21875.0,poseidon,condorpool,poseidon-worker-1-container-40-43,merged_netcdf2png,/opt/netcdf2png/merged_netcdf2png,,0.1,0,0,,,,,,,,,
merged_netcdf2png_ID0000246,cpu_2,compute,0,1706682975.0,,,1706682981.0,1706682986.0,1706683004.0,12324778.8,1706682983.0,1706683023.0,1706683010.0,1706683013.0,6683.0,1706683023.0,1706683028.0,6.0,,2.0,40.0,5.0,18.0,160656166.0,3.0,21716.0,poseidon,condorpool,poseidon-worker-2-container-16-19,merged_netcdf2png,/opt/netcdf2png/merged_netcdf2png,,0.1,0,0,,,,,,,,,
merged_netcdf2png_ID0000247,cpu_2,compute,0,1706682975.0,,,1706682981.0,1706682986.0,1706682998.0,22933640.7,1706682984.0,1706683013.0,1706683004.0,1706683007.0,6914.0,1706683014.0,1706683018.0,6.0,,3.0,29.0,4.0,12.0,160656166.0,3.0,21980.0,poseidon,condorpool,poseidon-worker-2-container-28-31,merged_netcdf2png,/opt/netcdf2png/merged_netcdf2png,,0.1,0,0,,,,,,,,,
mrtV2_ID0000212,None,compute,0,1706682975.0,,,1706682981.0,1706682988.0,1706682999.0,31837642.2,1706682986.0,1706683018.0,1706683005.0,1706683008.0,2625.0,1706683018.0,1706683023.0,6.0,,5.0,32.0,5.0,11.0,160605089.0,3.0,8545.0,poseidon,condorpool,poseidon-worker-1-container-32-35,mrtV2,/opt/mrtV2/mrtV2,,0.0,0,0,,,,,,,,,
mrtV2_ID0000215,None,compute,0,1706682975.0,,,1706682981.0,1706682990.0,1706683005.0,17811013.2,1706682988.0,1706683023.0,1706683011.0,1706683014.0,3084.0,1706683023.0,1706683028.0,6.0,,7.0,35.0,5.0,15.0,160605089.0,3.0,9942.0,poseidon,condorpool,poseidon-worker-2-container-24-27,mrtV2,/opt/mrtV2/mrtV2,,0.1,0,0,,,,,,,,,
merged_netcdf2png_ID0000251,None,compute,0,1706682975.0,,,1706682981.0,1706682985.0,1706682998.0,20253548.3,1706682983.0,1706683013.0,1706683004.0,1706683007.0,6650.0,1706683014.0,1706683018.0,6.0,,2.0,30.0,4.0,13.0,160656166.0,3.0,21680.0,poseidon,condorpool,poseidon-worker-2-container-12-15,merged_netcdf2png,/opt/netcdf2png/merged_netcdf2png,,0.1,0,0,,,,,,,,,
mrtV2_ID0000214,cpu_2,compute,0,1706682975.0,,,1706682981.0,1706682994.0,1706683005.0,27703814.5,1706682990.0,1706683023.0,1706683010.0,1706683013.0,3086.0,1706683023.0,1706683028.0,6.0,,9.0,33.0,5.0,11.0,160605089.0,3.0,9940.0,poseidon,condorpool,poseidon-worker-1-container-12-15,mrtV2,/opt/mrtV2/mrtV2,,0.0,0,0,,,,,,,,,
merged_netcdf2png_ID0000252,None,compute,0,1706682975.0,,,1706682981.0,1706682986.0,1706682997.0,25070318.6,1706682983.0,1706683013.0,1706683003.0,1706683006.0,6561.0,1706683014.0,1706683018.0,6.0,,2.0,30.0,4.0,11.0,160656166.0,3.0,21952.0,poseidon,condorpool,poseidon-worker-2-container-36-39,merged_netcdf2png,/opt/netcdf2png/merged_netcdf2png,,0.1,0,0,,,,,,,,,
mrtV2_ID0000211,cpu_2,compute,0,1706682975.0,,,1706682981.0,1706682987.0,1706682999.0,26305484.3,1706682983.0,1706683018.0,1706683005.0,1706683008.0,3056.0,1706683018.0,1706683023.0,6.0,,2.0,35.0,5.0,12.0,160605089.0,3.0,9947.0,poseidon,condorpool,poseidon-worker-1-container-8-11,mrtV2,/opt/mrtV2/mrtV2,,0.0,0,0,,,,,,,,,
mrtV2_ID0000210,None,compute,0,1706682975.0,,,1706682981.0,1706682985.0,1706682996.0,31350615.2,1706682983.0,1706683013.0,1706683002.0,1706683005.0,3080.0,1706683013.0,1706683018.0,6.0,,2.0,30.0,5.0,11.0,160605089.0,3.0,9747.0,poseidon,condorpool,poseidon-worker-1-container-36-39,mrtV2,/opt/mrtV2/mrtV2,,0.0,0,0,,,,,,,,,
mrtV2_ID0000217,cpu_2,compute,0,1706682975.0,,,1706682981.0,1706682988.0,1706682999.0,29500736.6,1706682984.0,1706683018.0,1706683004.0,1706683008.0,3217.0,1706683018.0,1706683023.0,6.0,,3.0,34.0,5.0,11.0,160605089.0,4.0,10532.0,poseidon,condorpool,poseidon-worker-1-container-20-23,mrtV2,/opt/mrtV2/mrtV2,,0.0,0,0,,,,,,,,,
mrtV2_ID0000216,None,compute,0,1706682975.0,,,1706682981.0,1706682990.0,1706683001.0,26781841.5,1706682988.0,1706683018.0,1706683006.0,1706683009.0,3351.0,1706683018.0,1706683023.0,6.0,,7.0,30.0,5.0,11.0,160605089.0,3.0,10988.0,poseidon,condorpool,poseidon-worker-2-container-0-3,mrtV2,/opt/mrtV2/mrtV2,,0.1,0,0,,,,,,,,,
merged_netcdf2png_ID0000248,None,compute,0,1706682975.0,,,1706682981.0,1706682985.0,1706682998.0,21869083.6,1706682983.0,1706683013.0,1706683004.0,1706683007.0,6609.0,1706683014.0,1706683018.0,6.0,,2.0,30.0,4.0,13.0,160656166.0,3.0,21640.0,poseidon,condorpool,poseidon-worker-2-container-40-43,merged_netcdf2png,/opt/netcdf2png/merged_netcdf2png,,0.1,0,0,,,,,,,,,
mrtV2_ID0000219,None,compute,0,1706682975.0,,,1706682981.0,1706682985.0,1706683000.0,17209971.4,1706682983.0,1706683018.0,1706683005.0,1706683009.0,2829.0,1706683018.0,1706683023.0,6.0,,2.0,35.0,5.0,15.0,160605089.0,4.0,9088.0,poseidon,condorpool,poseidon-worker-1-container-16-19,mrtV2,/opt/mrtV2/mrtV2,,0.0,0,0,,,,,,,,,
mrtV2_ID0000202,None,compute,0,1706682975.0,,,1706682981.0,1706682990.0,1706683001.0,27847194.0,1706682988.0,1706683018.0,1706683007.0,1706683010.0,3829.0,1706683018.0,1706683023.0,6.0,,7.0,30.0,5.0,11.0,160605089.0,3.0,12143.0,poseidon,condorpool,poseidon-worker-1-container-4-7,mrtV2,/opt/mrtV2/mrtV2,,0.0,0,0,,,,,,,,,
mrtV2_ID0000201,None,compute,0,1706682975.0,,,1706682981.0,1706682993.0,1706683003.0,27945939.5,1706682989.0,1706683018.0,1706683009.0,1706683012.0,3171.0,1706683019.0,1706683023.0,6.0,,8.0,29.0,4.0,10.0,160605089.0,3.0,10131.0,poseidon,condorpool,poseidon-worker-1-container-24-27,mrtV2,/opt/mrtV2/mrtV2,,0.1,0,0,,,,,,,,,
merged_netcdf2png_ID0000240,None,compute,0,1706682975.0,,,1706682981.0,1706682988.0,1706683000.0,26324792.4,1706682986.0,1706683018.0,1706683005.0,1706683009.0,6564.0,1706683018.0,1706683023.0,6.0,,5.0,32.0,5.0,12.0,160656166.0,4.0,21682.0,poseidon,condorpool,poseidon-worker-1-container-0-3,merged_netcdf2png,/opt/netcdf2png/merged_netcdf2png,,0.1,0,0,,,,,,,,,
mrtV2_ID0000204,None,compute,0,1706682975.0,,,1706682981.0,1706682988.0,1706682999.0,31224080.6,1706682986.0,1706683013.0,1706683004.0,1706683008.0,3126.0,1706683014.0,1706683018.0,6.0,,5.0,27.0,4.0,11.0,160605089.0,4.0,10040.0,poseidon,condorpool,poseidon-worker-2-container-32-35,mrtV2,/opt/mrtV2/mrtV2,,0.1,0,0,,,,,,,,,
mrtV2_ID0000203,None,compute,0,1706682975.0,,,1706682981.0,1706682986.0,1706682997.0,26555959.4,1706682983.0,1706683013.0,1706683003.0,1706683006.0,2918.0,1706683014.0,1706683018.0,6.0,,2.0,30.0,4.0,11.0,160605089.0,3.0,9303.0,poseidon,condorpool,poseidon-worker-1-container-32-35,mrtV2,/opt/mrtV2/mrtV2,,0.1,0,0,,,,,,,,,
merged_netcdf2png_ID0000241,None,compute,0,1706682975.0,,,1706682981.0,1706682992.0,1706683003.0,28487820.5,1706682990.0,1706683018.0,1706683008.0,1706683011.0,6841.0,1706683019.0,1706683023.0,6.0,,9.0,28.0,4.0,11.0,160656166.0,3.0,21918.0,poseidon,condorpool,poseidon-worker-2-container-44-47,merged_netcdf2png,/opt/netcdf2png/merged_netcdf2png,,0.1,0,0,,,,,,,,,
mrtV2_ID0000200,None,compute,0,1706682975.0,,,1706682981.0,1706682985.0,1706682998.0,22473041.4,1706682983.0,1706683013.0,1706683004.0,1706683007.0,3197.0,1706683014.0,1706683018.0,6.0,,2.0,30.0,4.0,13.0,160605089.0,3.0,10138.0,poseidon,condorpool,poseidon-worker-1-container-44-47,mrtV2,/opt/mrtV2/mrtV2,,0.0,0,0,,,,,,,,,
mrtV2_ID0000317,None,compute,0,1706682975.0,,,1706682998.0,1706683079.0,1706683090.0,28008926.4,1706683077.0,1706683109.0,1706683095.0,1706683098.0,3464.0,1706683109.0,1706683115.0,23.0,,79.0,32.0,6.0,11.0,160605089.0,3.0,10987.0,poseidon,condorpool,poseidon-worker-2-container-44-47,mrtV2,/opt/mrtV2/mrtV2,,0.1,0,0,,,,,,,,,
mrtV2_ID0000209,None,compute,0,1706682975.0,,,1706682981.0,1706682985.0,1706683001.0,16568514.4,1706682983.0,1706683018.0,1706683006.0,1706683009.0,3087.0,1706683018.0,1706683023.0,6.0,,2.0,35.0,5.0,16.0,160605089.0,3.0,10230.0,poseidon,condorpool,poseidon-worker-2-container-8-11,mrtV2,/opt/mrtV2/mrtV2,,0.0,0,0,,,,,,,,,
mrtV2_ID0000218,None,compute,0,1706682975.0,,,1706682981.0,1706682989.0,1706683001.0,26031930.0,1706682987.0,1706683018.0,1706683006.0,1706683010.0,2685.0,1706683018.0,1706683023.0,6.0,,6.0,31.0,5.0,12.0,160605089.0,4.0,8721.0,poseidon,condorpool,poseidon-worker-1-container-28-31,mrtV2,/opt/mrtV2/mrtV2,,0.0,0,0,,,,,,,,,
merged_netcdf2png_ID0000349,None,compute,0,1706682975.0,,,1706682998.0,1706683078.0,1706683089.0,27586788.0,1706683076.0,1706683104.0,1706683095.0,1706683098.0,7029.0,1706683104.0,1706683109.0,23.0,,78.0,28.0,5.0,11.0,160656166.0,3.0,22303.0,poseidon,condorpool,poseidon-worker-2-container-20-23,merged_netcdf2png,/opt/netcdf2png/merged_netcdf2png,,0.1,0,0,,,,,,,,,
mrtV2_ID0000347,None,compute,0,1706682975.0,,,1706682998.0,1706683078.0,1706683089.0,28483449.5,1706683076.0,1706683104.0,1706683094.0,1706683098.0,2692.0,1706683104.0,1706683109.0,23.0,,78.0,28.0,5.0,11.0,160605089.0,4.0,8629.0,poseidon,condorpool,poseidon-worker-2-container-40-43,mrtV2,/opt/mrtV2/mrtV2,,0.1,0,0,,,,,,,,,
mrtV2_ID0000344,None,compute,0,1706682975.0,,,1706682998.0,1706683079.0,1706683090.0,28901557.2,1706683077.0,1706683109.0,1706683095.0,1706683099.0,3044.0,1706683109.0,1706683115.0,23.0,,79.0,32.0,6.0,11.0,160605089.0,4.0,9651.0,poseidon,condorpool,poseidon-worker-1-container-24-27,mrtV2,/opt/mrtV2/mrtV2,,0.1,0,0,,,,,,,,,
merged_netcdf2png_ID0000377,cpu_2,compute,0,1706682975.0,,,1706682998.0,1706683076.0,1706683087.0,26491095.6,1706683073.0,1706683104.0,1706683093.0,1706683096.0,6821.0,1706683104.0,1706683109.0,23.0,,75.0,31.0,5.0,11.0,160656166.0,3.0,21814.0,poseidon,condorpool,poseidon-worker-1-container-20-23,merged_netcdf2png,/opt/netcdf2png/merged_netcdf2png,,0.1,0,0,,,,,,,,,
mrtV2_ID0000339,cpu_2,compute,0,1706682975.0,,,1706682998.0,1706683077.0,1706683088.0,28123669.4,1706683074.0,1706683104.0,1706683093.0,1706683097.0,3393.0,1706683104.0,1706683109.0,23.0,,76.0,30.0,5.0,11.0,160605089.0,4.0,10662.0,poseidon,condorpool,poseidon-worker-2-container-28-31,mrtV2,/opt/mrtV2/mrtV2,,0.0,0,0,,,,,,,,,
mrtV2_ID0000323,None,compute,0,1706682975.0,,,1706682998.0,1706683075.0,1706683086.0,27641629.0,1706683073.0,1706683104.0,1706683091.0,1706683094.0,2918.0,1706683104.0,1706683109.0,23.0,,75.0,31.0,5.0,11.0,160605089.0,3.0,9215.0,poseidon,condorpool,poseidon-worker-1-container-4-7,mrtV2,/opt/mrtV2/mrtV2,,0.0,0,0,,,,,,,,,
merged_netcdf2png_ID0000360,None,compute,0,1706682975.0,,,1706682998.0,1706683075.0,1706683086.0,30838002.8,1706683073.0,1706683104.0,1706683092.0,1706683095.0,7041.0,1706683104.0,1706683109.0,23.0,,75.0,31.0,5.0,11.0,160656166.0,3.0,22313.0,poseidon,condorpool,poseidon-worker-1-container-16-19,merged_netcdf2png,/opt/netcdf2png/merged_netcdf2png,,0.1,0,0,,,,,,,,,
mrtV2_ID0000322,None,compute,0,1706682975.0,,,1706682998.0,1706683075.0,1706683086.0,31754836.8,1706683073.0,1706683104.0,1706683091.0,1706683094.0,3842.0,1706683104.0,1706683109.0,23.0,,75.0,31.0,5.0,11.0,160605089.0,3.0,11964.0,poseidon,condorpool,poseidon-worker-2-container-4-7,mrtV2,/opt/mrtV2/mrtV2,,0.1,0,0,,,,,,,,,
merged_netcdf2png_ID0000361,None,compute,0,1706682975.0,,,1706682998.0,1706683075.0,1706683086.0,26599824.4,1706683073.0,1706683104.0,1706683092.0,1706683095.0,6894.0,1706683104.0,1706683109.0,23.0,,75.0,31.0,5.0,11.0,160656166.0,3.0,21974.0,poseidon,condorpool,poseidon-worker-1-container-32-35,merged_netcdf2png,/opt/netcdf2png/merged_netcdf2png,,0.1,0,0,,,,,,,,,
mrtV2_ID0000324,None,compute,0,1706682975.0,,,1706682998.0,1706683075.0,1706683085.0,28239090.0,1706683072.0,1706683104.0,1706683091.0,1706683094.0,3436.0,1706683104.0,1706683109.0,23.0,,74.0,32.0,5.0,10.0,160605089.0,3.0,10901.0,poseidon,condorpool,poseidon-worker-1-container-28-31,mrtV2,/opt/mrtV2/mrtV2,,0.0,0,0,,,,,,,,,
merged_netcdf2png_ID0000362,None,compute,0,1706682975.0,,,1706682998.0,1706683074.0,1706683086.0,27196966.2,1706683072.0,1706683104.0,1706683091.0,1706683094.0,7025.0,1706683104.0,1706683109.0,23.0,,74.0,32.0,5.0,12.0,160656166.0,3.0,22177.0,poseidon,condorpool,poseidon-worker-1-container-0-3,merged_netcdf2png,/opt/netcdf2png/merged_netcdf2png,,0.1,0,0,,,,,,,,,
mrtV2_ID0000321,None,compute,0,1706682975.0,,,1706682998.0,1706683074.0,1706683085.0,31348214.6,1706683072.0,1706683104.0,1706683090.0,1706683093.0,3136.0,1706683104.0,1706683109.0,23.0,,74.0,32.0,5.0,11.0,160605089.0,3.0,9882.0,poseidon,condorpool,poseidon-worker-2-container-32-35,mrtV2,/opt/mrtV2/mrtV2,,0.0,0,0,,,,,,,,,
mrtV2_ID0000320,None,compute,0,1706682975.0,,,1706682997.0,1706683074.0,1706683085.0,29421044.8,1706683072.0,1706683099.0,1706683090.0,1706683093.0,3533.0,1706683099.0,1706683104.0,22.0,,75.0,27.0,5.0,11.0,160605089.0,3.0,10997.0,poseidon,condorpool,poseidon-worker-1-container-44-47,mrtV2,/opt/mrtV2/mrtV2,,0.0,0,0,,,,,,,,,
merged_netcdf2png_ID0000367,None,compute,0,1706682975.0,,,1706682997.0,1706683074.0,1706683085.0,28769478.8,1706683072.0,1706683099.0,1706683090.0,1706683093.0,7117.0,1706683099.0,1706683104.0,22.0,,75.0,27.0,5.0,11.0,160656166.0,3.0,22296.0,poseidon,condorpool,poseidon-worker-2-container-12-15,merged_netcdf2png,/opt/netcdf2png/merged_netcdf2png,,0.1,0,0,,,,,,,,,
merged_netcdf2png_ID0000368,cpu_2,compute,0,1706682975.0,,,1706682997.0,1706683074.0,1706683085.0,28501966.6,1706683071.0,1706683099.0,1706683090.0,1706683093.0,7006.0,1706683099.0,1706683104.0,22.0,,74.0,28.0,5.0,11.0,160656166.0,3.0,22217.0,poseidon,condorpool,poseidon-worker-2-container-16-19,merged_netcdf2png,/opt/netcdf2png/merged_netcdf2png,,0.1,0,0,,,,,,,,,
merged_netcdf2png_ID0000369,None,compute,0,1706682975.0,,,1706682997.0,1706683073.0,1706683085.0,31202188.8,1706683071.0,1706683099.0,1706683090.0,1706683093.0,7085.0,1706683099.0,1706683104.0,22.0,,74.0,28.0,5.0,12.0,160656166.0,3.0,22308.0,poseidon,condorpool,poseidon-worker-1-container-40-43,merged_netcdf2png,/opt/netcdf2png/merged_netcdf2png,,0.1,0,0,,,,,,,,,
mrtV2_ID0000327,None,compute,0,1706682975.0,,,1706682997.0,1706683073.0,1706683084.0,31620172.6,1706683071.0,1706683099.0,1706683089.0,1706683092.0,3418.0,1706683099.0,1706683104.0,22.0,,74.0,28.0,5.0,11.0,160605089.0,3.0,10555.0,poseidon,condorpool,poseidon-worker-2-container-32-35,mrtV2,/opt/mrtV2/mrtV2,,0.0,0,0,,,,,,,,,
merged_netcdf2png_ID0000363,None,compute,0,1706682975.0,,,1706682997.0,1706683073.0,1706683085.0,25478727.0,1706683071.0,1706683104.0,1706683090.0,1706683094.0,7004.0,1706683104.0,1706683109.0,22.0,,74.0,33.0,5.0,12.0,160656166.0,4.0,22076.0,poseidon,condorpool,poseidon-worker-2-container-0-3,merged_netcdf2png,/opt/netcdf2png/merged_netcdf2png,,0.1,0,0,,,,,,,,,
mrtV2_ID0000326,None,compute,0,1706682975.0,,,1706682997.0,1706683073.0,1706683084.0,28055938.0,1706683071.0,1706683099.0,1706683089.0,1706683092.0,3381.0,1706683099.0,1706683104.0,22.0,,74.0,28.0,5.0,11.0,160605089.0,3.0,10708.0,poseidon,condorpool,poseidon-worker-1-container-40-43,mrtV2,/opt/mrtV2/mrtV2,,0.0,0,0,,,,,,,,,
merged_netcdf2png_ID0000364,None,compute,0,1706682975.0,,,1706682997.0,1706683072.0,1706683083.0,30223841.6,1706683070.0,1706683099.0,1706683089.0,1706683092.0,6907.0,1706683099.0,1706683104.0,22.0,,73.0,29.0,5.0,11.0,160656166.0,3.0,21882.0,poseidon,condorpool,poseidon-worker-1-container-28-31,merged_netcdf2png,/opt/netcdf2png/merged_netcdf2png,,0.1,0,0,,,,,,,,,
mrtV2_ID0000329,None,compute,0,1706682975.0,,,1706682997.0,1706683072.0,1706683084.0,24241135.0,1706683070.0,1706683099.0,1706683089.0,1706683092.0,3497.0,1706683099.0,1706683104.0,22.0,,73.0,29.0,5.0,12.0,160605089.0,3.0,11142.0,poseidon,condorpool,poseidon-worker-1-container-4-7,mrtV2,/opt/mrtV2/mrtV2,,0.0,0,0,,,,,,,,,
merged_netcdf2png_ID0000365,None,compute,0,1706682975.0,,,1706682997.0,1706683072.0,1706683083.0,30872445.0,1706683070.0,1706683099.0,1706683089.0,1706683092.0,7058.0,1706683099.0,1706683104.0,22.0,,73.0,29.0,5.0,11.0,160656166.0,3.0,22048.0,poseidon,condorpool,poseidon-worker-2-container-36-39,merged_netcdf2png,/opt/netcdf2png/merged_netcdf2png,,0.1,0,0,,,,,,,,,
merged_netcdf2png_ID0000376,None,compute,0,1706682975.0,,,1706682998.0,1706683076.0,1706683086.0,27232126.0,1706683074.0,1706683104.0,1706683092.0,1706683095.0,6833.0,1706683104.0,1706683109.0,23.0,,76.0,30.0,5.0,10.0,160656166.0,3.0,21482.0,poseidon,condorpool,poseidon-worker-1-container-0-3,merged_netcdf2png,/opt/netcdf2png/merged_netcdf2png,,0.1,0,0,,,,,,,,,
merged_netcdf2png_ID0000375,None,compute,0,1706682975.0,,,1706682998.0,1706683076.0,1706683087.0,28177305.0,1706683074.0,1706683104.0,1706683092.0,1706683095.0,6909.0,1706683104.0,1706683109.0,23.0,,76.0,30.0,5.0,11.0,160656166.0,3.0,21837.0,poseidon,condorpool,poseidon-worker-1-container-16-19,merged_netcdf2png,/opt/netcdf2png/merged_netcdf2png,,0.1,0,0,,,,,,,,,
mrtV2_ID0000337,None,compute,0,1706682975.0,,,1706682998.0,1706683076.0,1706683086.0,31937958.6,1706683074.0,1706683104.0,1706683092.0,1706683095.0,3367.0,1706683104.0,1706683109.0,23.0,,76.0,30.0,5.0,10.0,160605089.0,3.0,10515.0,poseidon,condorpool,poseidon-worker-2-container-0-3,mrtV2,/opt/mrtV2/mrtV2,,0.1,0,0,,,,,,,,,
mrtV2_ID0000338,None,compute,0,1706682975.0,,,1706682998.0,1706683076.0,1706683087.0,28163849.6,1706683074.0,1706683104.0,1706683092.0,1706683095.0,2932.0,1706683104.0,1706683109.0,23.0,,76.0,30.0,5.0,11.0,160605089.0,3.0,9200.0,poseidon,condorpool,poseidon-worker-2-container-40-43,mrtV2,/opt/mrtV2/mrtV2,,0.0,0,0,,,,,,,,,
merged_netcdf2png_ID0000250,None,compute,0,1706682975.0,,,1706682981.0,1706682986.0,1706683002.0,14835122.4,1706682984.0,1706683018.0,1706683008.0,1706683011.0,6809.0,1706683019.0,1706683023.0,6.0,,3.0,34.0,4.0,16.0,160656166.0,3.0,21619.0,poseidon,condorpool,poseidon-worker-2-container-4-7,merged_netcdf2png,/opt/netcdf2png/merged_netcdf2png,,0.1,0,0,,,,,,,,,
mrtV2_ID0000346,None,compute,0,1706682975.0,,,1706682998.0,1706683078.0,1706683089.0,28450725.5,1706683076.0,1706683104.0,1706683094.0,1706683098.0,3083.0,1706683104.0,1706683109.0,23.0,,78.0,28.0,5.0,11.0,160605089.0,4.0,9741.0,poseidon,condorpool,poseidon-worker-2-container-4-7,mrtV2,/opt/mrtV2/mrtV2,,0.1,0,0,,,,,,,,,
mrtV2_ID0000341,None,compute,0,1706682975.0,,,1706682998.0,1706683078.0,1706683089.0,31617107.2,1706683076.0,1706683104.0,1706683094.0,1706683098.0,3159.0,1706683104.0,1706683109.0,23.0,,78.0,28.0,5.0,11.0,160605089.0,4.0,10181.0,poseidon,condorpool,poseidon-worker-2-container-8-11,mrtV2,/opt/mrtV2/mrtV2,,0.0,0,0,,,,,,,,,
mrtV2_ID0000340,cpu_2,compute,0,1706682975.0,,,1706682998.0,1706683080.0,1706683091.0,28230199.4,1706683076.0,1706683109.0,1706683097.0,1706683100.0,3209.0,1706683109.0,1706683115.0,23.0,,78.0,33.0,6.0,11.0,160605089.0,3.0,10123.0,poseidon,condorpool,poseidon-worker-1-container-8-11,mrtV2,/opt/mrtV2/mrtV2,,0.0,0,0,,,,,,,,,
mrtV2_ID0000343,cpu_2,compute,0,1706682975.0,,,1706682998.0,1706683079.0,1706683090.0,28446224.5,1706683076.0,1706683104.0,1706683095.0,1706683098.0,2767.0,1706683104.0,1706683109.0,23.0,,78.0,28.0,5.0,11.0,160605089.0,3.0,8733.0,poseidon,condorpool,poseidon-worker-1-container-20-23,mrtV2,/opt/mrtV2/mrtV2,,0.0,0,0,,,,,,,,,
mrtV2_ID0000342,None,compute,0,1706682975.0,,,1706682998.0,1706683078.0,1706683088.0,31686588.6,1706683075.0,1706683104.0,1706683094.0,1706683097.0,3234.0,1706683104.0,1706683109.0,23.0,,77.0,29.0,5.0,10.0,160605089.0,3.0,10375.0,poseidon,condorpool,poseidon-worker-2-container-32-35,mrtV2,/opt/mrtV2/mrtV2,,0.0,0,0,,,,,,,,,
merged_netcdf2png_ID0000348,cpu_2,compute,0,1706682975.0,,,1706682998.0,1706683078.0,1706683089.0,27011191.6,1706683075.0,1706683104.0,1706683095.0,1706683098.0,7048.0,1706683104.0,1706683109.0,23.0,,77.0,29.0,5.0,11.0,160656166.0,3.0,22319.0,poseidon,condorpool,poseidon-worker-1-container-20-23,merged_netcdf2png,/opt/netcdf2png/merged_netcdf2png,,0.1,0,0,,,,,,,,,
merged_netcdf2png_ID0000370,None,compute,0,1706682975.0,,,1706682998.0,1706683077.0,1706683088.0,27630630.0,1706683075.0,1706683104.0,1706683093.0,1706683097.0,6863.0,1706683104.0,1706683109.0,23.0,,77.0,29.0,5.0,11.0,160656166.0,4.0,22066.0,poseidon,condorpool,poseidon-worker-1-container-28-31,merged_netcdf2png,/opt/netcdf2png/merged_netcdf2png,,0.1,0,0,,,,,,,,,
mrtV2_ID0000334,None,compute,0,1706682975.0,,,1706682998.0,1706683077.0,1706683088.0,28418515.0,1706683075.0,1706683104.0,1706683093.0,1706683096.0,3208.0,1706683104.0,1706683109.0,23.0,,77.0,29.0,5.0,11.0,160605089.0,3.0,10224.0,poseidon,condorpool,poseidon-worker-1-container-0-3,mrtV2,/opt/mrtV2/mrtV2,,0.1,0,0,,,,,,,,,
mrtV2_ID0000345,cpu_2,compute,0,1706682975.0,,,1706682998.0,1706683079.0,1706683090.0,31454814.4,1706683076.0,1706683109.0,1706683095.0,1706683099.0,2764.0,1706683109.0,1706683115.0,23.0,,78.0,33.0,6.0,11.0,160605089.0,4.0,8635.0,poseidon,condorpool,poseidon-worker-1-container-20-23,mrtV2,/opt/mrtV2/mrtV2,,0.0,0,0,,,,,,,,,
merged_netcdf2png_ID0000371,None,compute,0,1706682975.0,,,1706682998.0,1706683077.0,1706683088.0,27681721.0,1706683075.0,1706683104.0,1706683094.0,1706683097.0,6725.0,1706683104.0,1706683109.0,23.0,,77.0,29.0,5.0,11.0,160656166.0,3.0,21896.0,poseidon,condorpool,poseidon-worker-1-container-16-19,merged_netcdf2png,/opt/netcdf2png/merged_netcdf2png,,0.1,0,0,,,,,,,,,
merged_netcdf2png_ID0000372,cpu_2,compute,0,1706682975.0,,,1706682998.0,1706683078.0,1706683089.0,28806595.4,1706683076.0,1706683104.0,1706683095.0,1706683098.0,6832.0,1706683104.0,1706683109.0,23.0,,78.0,28.0,5.0,11.0,160656166.0,3.0,21984.0,poseidon,condorpool,poseidon-worker-2-container-28-31,merged_netcdf2png,/opt/netcdf2png/merged_netcdf2png,,0.1,0,0,,,,,,,,,
mrtV2_ID0000336,None,compute,0,1706682975.0,,,1706682998.0,1706683077.0,1706683088.0,26872631.5,1706683075.0,1706683104.0,1706683093.0,1706683096.0,3010.0,1706683104.0,1706683109.0,23.0,,77.0,29.0,5.0,11.0,160605089.0,3.0,9588.0,poseidon,condorpool,poseidon-worker-2-container-4-7,mrtV2,/opt/mrtV2/mrtV2,,0.1,0,0,,,,,,,,,
mrtV2_ID0000335,None,compute,0,1706682975.0,,,1706682998.0,1706683077.0,1706683088.0,27733143.0,1706683075.0,1706683104.0,1706683093.0,1706683096.0,3263.0,1706683104.0,1706683109.0,23.0,,77.0,29.0,5.0,11.0,160605089.0,3.0,10411.0,poseidon,condorpool,poseidon-worker-1-container-0-3,mrtV2,/opt/mrtV2/mrtV2,,0.1,0,0,,,,,,,,,
merged_netcdf2png_ID0000373,None,compute,0,1706682975.0,,,1706682998.0,1706683077.0,1706683088.0,27717614.5,1706683075.0,1706683104.0,1706683093.0,1706683096.0,6875.0,1706683104.0,1706683109.0,23.0,,77.0,29.0,5.0,11.0,160656166.0,3.0,22091.0,poseidon,condorpool,poseidon-worker-2-container-40-43,merged_netcdf2png,/opt/netcdf2png/merged_netcdf2png,,0.1,0,0,,,,,,,,,
mrtV2_ID0000330,cpu_2,compute,0,1706682975.0,,,1706682998.0,1706683079.0,1706683091.0,27869755.0,1706683076.0,1706683109.0,1706683096.0,1706683099.0,3382.0,1706683109.0,1706683115.0,23.0,,78.0,33.0,6.0,12.0,160605089.0,3.0,10599.0,poseidon,condorpool,poseidon-worker-1-container-8-11,mrtV2,/opt/mrtV2/mrtV2,,0.0,0,0,,,,,,,,,
mrtV2_ID0000332,None,compute,0,1706682975.0,,,1706682998.0,1706683076.0,1706683087.0,27473365.5,1706683074.0,1706683104.0,1706683092.0,1706683096.0,3256.0,1706683104.0,1706683109.0,23.0,,76.0,30.0,5.0,11.0,160605089.0,4.0,10352.0,poseidon,condorpool,poseidon-worker-2-container-12-15,mrtV2,/opt/mrtV2/mrtV2,,0.1,0,0,,,,,,,,,
mrtV2_ID0000331,cpu_2,compute,0,1706682975.0,,,1706682998.0,1706683077.0,1706683088.0,27047050.5,1706683074.0,1706683104.0,1706683093.0,1706683096.0,3407.0,1706683104.0,1706683109.0,23.0,,76.0,30.0,5.0,11.0,160605089.0,3.0,10702.0,poseidon,condorpool,poseidon-worker-2-container-16-19,mrtV2,/opt/mrtV2/mrtV2,,0.0,0,0,,,,,,,,,
merged_netcdf2png_ID0000378,None,compute,0,1706682975.0,,,1706682998.0,1706683077.0,1706683088.0,29750269.2,1706683075.0,1706683104.0,1706683094.0,1706683097.0,6611.0,1706683104.0,1706683109.0,23.0,,77.0,29.0,5.0,11.0,160656166.0,3.0,21519.0,poseidon,condorpool,poseidon-worker-1-container-36-39,merged_netcdf2png,/opt/netcdf2png/merged_netcdf2png,,0.1,0,0,,,,,,,,,
merged_netcdf2png_ID0000374,None,compute,0,1706682975.0,,,1706682998.0,1706683076.0,1706683087.0,29951619.4,1706683074.0,1706683104.0,1706683092.0,1706683096.0,6889.0,1706683104.0,1706683109.0,23.0,,76.0,30.0,5.0,11.0,160656166.0,4.0,21998.0,poseidon,condorpool,poseidon-worker-1-container-4-7,merged_netcdf2png,/opt/netcdf2png/merged_netcdf2png,,0.1,0,0,,,,,,,,,
mrtV2_ID0000333,None,compute,0,1706682975.0,,,1706682998.0,1706683077.0,1706683088.0,27789747.5,1706683075.0,1706683104.0,1706683093.0,1706683096.0,3244.0,1706683104.0,1706683109.0,23.0,,77.0,29.0,5.0,11.0,160605089.0,3.0,10414.0,poseidon,condorpool,poseidon-worker-2-container-4-7,mrtV2,/opt/mrtV2/mrtV2,,0.0,0,0,,,,,,,,,
mrtV2_ID0000213,None,compute,0,1706682975.0,,,1706682981.0,1706682985.0,1706682996.0,24600688.2,1706682982.0,1706683013.0,1706683002.0,1706683005.0,2998.0,1706683013.0,1706683018.0,6.0,,1.0,31.0,5.0,11.0,160605089.0,3.0,9549.0,poseidon,condorpool,poseidon-worker-2-container-20-23,mrtV2,/opt/mrtV2/mrtV2,,0.1,0,0,,,,,,,,,
merged_netcdf2png_ID0000227,None,compute,0,1706682975.0,,,1706682981.0,1706683011.0,1706683023.0,24211870.8,1706683009.0,1706683038.0,1706683028.0,1706683031.0,7052.0,1706683038.0,1706683043.0,6.0,,28.0,29.0,5.0,12.0,160656166.0,3.0,22000.0,poseidon,condorpool,poseidon-worker-2-container-8-11,merged_netcdf2png,/opt/netcdf2png/merged_netcdf2png,,0.1,0,0,,,,,,,,,
merged_netcdf2png_ID0000222,None,compute,0,1706682975.0,,,1706682981.0,1706683011.0,1706683022.0,28330792.4,1706683009.0,1706683038.0,1706683028.0,1706683031.0,6976.0,1706683038.0,1706683043.0,6.0,,28.0,29.0,5.0,11.0,160656166.0,3.0,22176.0,poseidon,condorpool,poseidon-worker-2-container-40-43,merged_netcdf2png,/opt/netcdf2png/merged_netcdf2png,,0.1,0,0,,,,,,,,,
merged_netcdf2png_ID0000182,None,compute,0,1706682975.0,,,1706682986.0,1706683019.0,1706683030.0,29997414.4,1706683017.0,1706683048.0,1706683035.0,1706683039.0,6636.0,1706683048.0,1706683053.0,11.0,,31.0,31.0,5.0,11.0,160656166.0,4.0,21126.0,poseidon,condorpool,poseidon-worker-2-container-32-35,merged_netcdf2png,/opt/netcdf2png/merged_netcdf2png,,0.1,0,0,,,,,,,,,
merged_netcdf2png_ID0000187,None,compute,0,1706682975.0,,,1706682986.0,1706683019.0,1706683030.0,26086411.0,1706683016.0,1706683048.0,1706683036.0,1706683039.0,6579.0,1706683048.0,1706683053.0,11.0,,30.0,32.0,5.0,11.0,160656166.0,3.0,21512.0,poseidon,condorpool,poseidon-worker-2-container-40-43,merged_netcdf2png,/opt/netcdf2png/merged_netcdf2png,,0.1,0,0,,,,,,,,,
merged_netcdf2png_ID0000188,None,compute,0,1706682975.0,,,1706682986.0,1706683020.0,1706683036.0,14994696.4,1706683018.0,1706683053.0,1706683042.0,1706683045.0,6829.0,1706683053.0,1706683058.0,11.0,,32.0,35.0,5.0,16.0,160656166.0,3.0,21545.0,poseidon,condorpool,poseidon-worker-2-container-44-47,merged_netcdf2png,/opt/netcdf2png/merged_netcdf2png,,0.1,0,0,,,,,,,,,
stage_out_local_condorpool_0_0,None,transfer,0,1706682975.0,,,1706682980.0,,,0.0,1706682981.0,1706682998.0,,,0.0,1706682998.0,1706683003.0,5.0,,1.0,17.0,5.0,,,,,poseidon,local,poseidon-submit,pegasus::transfer,/mnt/poseidon-data/poseidon/pegasus-5.1.0panorama/bin/pegasus-transfer,/home/poseidon/pegasus-5.1.0panorama/bin/../bin/pegasus-kickstart  -n pegasus::transfer -N null -i - -R local  -L casa-nowcast-small -T 2024-01-31T00:08:22+00:00 /home/poseidon/pegasus-5.1.0panorama/bin/../bin/pegasus-transfer  --threads 2,16.7,0,0,,,,,,,,,
merged_netcdf2png_ID0000189,None,compute,0,1706682975.0,,,1706682986.0,1706683018.0,1706683032.0,19607747.5,1706683016.0,1706683048.0,1706683038.0,1706683041.0,6609.0,1706683049.0,1706683053.0,11.0,,30.0,32.0,4.0,14.0,160656166.0,3.0,21339.0,poseidon,condorpool,poseidon-worker-2-container-20-23,merged_netcdf2png,/opt/netcdf2png/merged_netcdf2png,,0.1,0,0,,,,,,,,,
mrtV2_ID0000141,None,compute,0,1706682975.0,,,1706682986.0,1706683018.0,1706683031.0,24879612.0,1706683016.0,1706683048.0,1706683037.0,1706683040.0,2894.0,1706683049.0,1706683053.0,11.0,,30.0,32.0,4.0,13.0,160605089.0,3.0,9549.0,poseidon,condorpool,poseidon-worker-1-container-28-31,mrtV2,/opt/mrtV2/mrtV2,,0.1,0,0,,,,,,,,,
mrtV2_ID0000140,None,compute,0,1706682975.0,,,1706682986.0,1706683020.0,1706683030.0,31816191.0,1706683017.0,1706683048.0,1706683036.0,1706683039.0,3067.0,1706683048.0,1706683053.0,11.0,,31.0,31.0,5.0,10.0,160605089.0,3.0,10045.0,poseidon,condorpool,poseidon-worker-2-container-0-3,mrtV2,/opt/mrtV2/mrtV2,,0.1,0,0,,,,,,,,,
merged_netcdf2png_ID0000172,None,compute,0,1706682975.0,,,1706682986.0,1706683018.0,1706683030.0,28634069.6,1706683016.0,1706683048.0,1706683035.0,1706683038.0,6666.0,1706683048.0,1706683053.0,11.0,,30.0,32.0,5.0,12.0,160656166.0,3.0,21454.0,poseidon,condorpool,poseidon-worker-2-container-4-7,merged_netcdf2png,/opt/netcdf2png/merged_netcdf2png,,0.1,0,0,,,,,,,,,
mrtV2_ID0000136,None,compute,0,1706682975.0,,,1706682986.0,1706683019.0,1706683031.0,28961711.0,1706683017.0,1706683048.0,1706683036.0,1706683039.0,3379.0,1706683048.0,1706683053.0,11.0,,31.0,31.0,5.0,12.0,160605089.0,3.0,10777.0,poseidon,condorpool,poseidon-worker-2-container-8-11,mrtV2,/opt/mrtV2/mrtV2,,0.0,0,0,,,,,,,,,
mrtV2_ID0000135,None,compute,0,1706682975.0,,,1706682986.0,1706683018.0,1706683033.0,17571259.0,1706683016.0,1706683048.0,1706683039.0,1706683042.0,3352.0,1706683049.0,1706683053.0,11.0,,30.0,32.0,4.0,15.0,160605089.0,3.0,10779.0,poseidon,condorpool,poseidon-worker-1-container-4-7,mrtV2,/opt/mrtV2/mrtV2,,0.1,0,0,,,,,,,,,
merged_netcdf2png_ID0000173,None,compute,0,1706682975.0,,,1706682986.0,1706683019.0,1706683030.0,31328830.0,1706683016.0,1706683048.0,1706683035.0,1706683038.0,6870.0,1706683048.0,1706683053.0,11.0,,30.0,32.0,5.0,11.0,160656166.0,3.0,21595.0,poseidon,condorpool,poseidon-worker-1-container-16-19,merged_netcdf2png,/opt/netcdf2png/merged_netcdf2png,,0.1,0,0,,,,,,,,,
merged_netcdf2png_ID0000174,None,compute,0,1706682975.0,,,1706682986.0,1706683018.0,1706683028.0,27896893.0,1706683015.0,1706683048.0,1706683034.0,1706683037.0,6837.0,1706683048.0,1706683053.0,11.0,,29.0,33.0,5.0,10.0,160656166.0,3.0,21834.0,poseidon,condorpool,poseidon-worker-1-container-28-31,merged_netcdf2png,/opt/netcdf2png/merged_netcdf2png,,0.1,0,0,,,,,,,,,
mrtV2_ID0000138,None,compute,0,1706682975.0,,,1706682986.0,1706683019.0,1706683030.0,27210037.0,1706683016.0,1706683048.0,1706683035.0,1706683038.0,3172.0,1706683048.0,1706683053.0,11.0,,30.0,32.0,5.0,11.0,160605089.0,3.0,10090.0,poseidon,condorpool,poseidon-worker-1-container-4-7,mrtV2,/opt/mrtV2/mrtV2,,0.1,0,0,,,,,,,,,
mrtV2_ID0000137,None,compute,0,1706682975.0,,,1706682986.0,1706683019.0,1706683031.0,26092024.0,1706683016.0,1706683048.0,1706683037.0,1706683040.0,3563.0,1706683048.0,1706683053.0,11.0,,30.0,32.0,5.0,12.0,160605089.0,3.0,11573.0,poseidon,condorpool,poseidon-worker-1-container-0-3,mrtV2,/opt/mrtV2/mrtV2,,0.1,0,0,,,,,,,,,
merged_netcdf2png_ID0000175,None,compute,0,1706682975.0,,,1706682986.0,1706683018.0,1706683029.0,27434481.2,1706683015.0,1706683048.0,1706683035.0,1706683038.0,6726.0,1706683048.0,1706683053.0,11.0,,29.0,33.0,5.0,11.0,160656166.0,3.0,21515.0,poseidon,condorpool,poseidon-worker-1-container-0-3,merged_netcdf2png,/opt/netcdf2png/merged_netcdf2png,,0.1,0,0,,,,,,,,,
mrtV2_ID0000132,None,compute,0,1706682975.0,,,1706682986.0,1706683018.0,1706683030.0,30522824.4,1706683015.0,1706683048.0,1706683035.0,1706683038.0,2874.0,1706683048.0,1706683053.0,11.0,,29.0,33.0,5.0,12.0,160605089.0,3.0,9230.0,poseidon,condorpool,poseidon-worker-1-container-16-19,mrtV2,/opt/mrtV2/mrtV2,,0.1,0,0,,,,,,,,,
mrtV2_ID0000131,None,compute,0,1706682975.0,,,1706682986.0,1706683017.0,1706683029.0,24244241.4,1706683015.0,1706683048.0,1706683034.0,1706683038.0,3071.0,1706683048.0,1706683053.0,11.0,,29.0,33.0,5.0,12.0,160605089.0,4.0,9717.0,poseidon,condorpool,poseidon-worker-1-container-0-3,mrtV2,/opt/mrtV2/mrtV2,,0.0,0,0,,,,,,,,,
merged_netcdf2png_ID0000170,cpu_2,compute,0,1706682975.0,,,1706682986.0,1706683020.0,1706683030.0,31391752.6,1706683016.0,1706683048.0,1706683036.0,1706683039.0,6727.0,1706683048.0,1706683053.0,11.0,,30.0,32.0,5.0,10.0,160656166.0,3.0,21782.0,poseidon,condorpool,poseidon-worker-1-container-8-11,merged_netcdf2png,/opt/netcdf2png/merged_netcdf2png,,0.1,0,0,,,,,,,,,
mrtV2_ID0000134,None,compute,0,1706682975.0,,,1706682986.0,1706683017.0,1706683029.0,30048394.2,1706683015.0,1706683043.0,1706683034.0,1706683037.0,3489.0,1706683043.0,1706683048.0,11.0,,29.0,28.0,5.0,12.0,160605089.0,3.0,10978.0,poseidon,condorpool,poseidon-worker-2-container-32-35,mrtV2,/opt/mrtV2/mrtV2,,0.1,0,0,,,,,,,,,
mrtV2_ID0000144,None,compute,0,1706682975.0,,,1706682986.0,1706683019.0,1706683030.0,28036330.2,1706683016.0,1706683048.0,1706683035.0,1706683039.0,3211.0,1706683048.0,1706683053.0,11.0,,30.0,32.0,5.0,11.0,160605089.0,4.0,10398.0,poseidon,condorpool,poseidon-worker-1-container-4-7,mrtV2,/opt/mrtV2/mrtV2,,0.1,0,0,,,,,,,,,
merged_netcdf2png_ID0000181,None,compute,0,1706682975.0,,,1706682986.0,1706683019.0,1706683032.0,24666396.7,1706683017.0,1706683048.0,1706683037.0,1706683040.0,6433.0,1706683049.0,1706683053.0,11.0,,31.0,31.0,4.0,13.0,160656166.0,3.0,21124.0,poseidon,condorpool,poseidon-worker-2-container-0-3,merged_netcdf2png,/opt/netcdf2png/merged_netcdf2png,,0.1,0,0,,,,,,,,,
mrtV2_ID0000145,cpu_2,compute,0,1706682975.0,,,1706682986.0,1706683019.0,1706683030.0,29128027.8,1706683017.0,1706683048.0,1706683036.0,1706683039.0,2775.0,1706683048.0,1706683053.0,11.0,,31.0,31.0,5.0,11.0,160605089.0,3.0,9163.0,poseidon,condorpool,poseidon-worker-2-container-16-19,mrtV2,/opt/mrtV2/mrtV2,,0.0,0,0,,,,,,,,,
mrtV2_ID0000142,cpu_2,compute,0,1706682975.0,,,1706682986.0,1706683023.0,1706683034.0,27700779.0,1706683021.0,1706683048.0,1706683039.0,1706683043.0,2970.0,1706683049.0,1706683053.0,11.0,,35.0,27.0,4.0,11.0,160605089.0,4.0,9644.0,poseidon,condorpool,poseidon-worker-2-container-28-31,mrtV2,/opt/mrtV2/mrtV2,,0.0,0,0,,,,,,,,,
mrtV2_ID0000158,cpu_2,compute,0,1706682975.0,,,1706682986.0,1706683024.0,1706683035.0,28888166.6,1706683020.0,1706683053.0,1706683041.0,1706683044.0,3116.0,1706683053.0,1706683058.0,11.0,,34.0,33.0,5.0,11.0,160605089.0,3.0,9778.0,poseidon,condorpool,poseidon-worker-1-container-12-15,mrtV2,/opt/mrtV2/mrtV2,,0.0,0,0,,,,,,,,,
mrtV2_ID0000157,None,compute,0,1706682975.0,,,1706682986.0,1706683021.0,1706683032.0,31594593.4,1706683019.0,1706683048.0,1706683037.0,1706683040.0,2620.0,1706683049.0,1706683053.0,11.0,,33.0,29.0,4.0,11.0,160605089.0,3.0,8592.0,poseidon,condorpool,poseidon-worker-2-container-36-39,mrtV2,/opt/mrtV2/mrtV2,,0.1,0,0,,,,,,,,,
mrtV2_ID0000154,None,compute,0,1706682975.0,,,1706682986.0,1706683023.0,1706683034.0,27590231.5,1706683020.0,1706683048.0,1706683039.0,1706683042.0,2071.0,1706683049.0,1706683053.0,11.0,,34.0,28.0,4.0,11.0,160605089.0,3.0,6660.0,poseidon,condorpool,poseidon-worker-1-container-24-27,mrtV2,/opt/mrtV2/mrtV2,,0.1,0,0,,,,,,,,,
mrtV2_ID0000153,None,compute,0,1706682975.0,,,1706682986.0,1706683021.0,1706683032.0,27190495.0,1706683019.0,1706683048.0,1706683037.0,1706683041.0,3200.0,1706683049.0,1706683053.0,11.0,,33.0,29.0,4.0,11.0,160605089.0,4.0,10201.0,poseidon,condorpool,poseidon-worker-2-container-4-7,mrtV2,/opt/mrtV2/mrtV2,,0.1,0,0,,,,,,,,,
mrtV2_ID0000156,None,compute,0,1706682975.0,,,1706682986.0,1706683022.0,1706683034.0,30303679.0,1706683020.0,1706683048.0,1706683039.0,1706683042.0,2650.0,1706683049.0,1706683053.0,11.0,,34.0,28.0,4.0,12.0,160605089.0,3.0,8499.0,poseidon,condorpool,poseidon-worker-1-container-24-27,mrtV2,/opt/mrtV2/mrtV2,,0.1,0,0,,,,,,,,,
mrtV2_ID0000155,cpu_2,compute,0,1706682975.0,,,1706682986.0,1706683024.0,1706683035.0,28630611.6,1706683020.0,1706683053.0,1706683040.0,1706683044.0,2306.0,1706683053.0,1706683058.0,11.0,,34.0,33.0,5.0,11.0,160605089.0,4.0,7386.0,poseidon,condorpool,poseidon-worker-1-container-12-15,mrtV2,/opt/mrtV2/mrtV2,,0.1,0,0,,,,,,,,,
merged_netcdf2png_ID0000159,None,compute,0,1706682975.0,,,1706682986.0,1706683023.0,1706683033.0,28598604.0,1706683020.0,1706683048.0,1706683039.0,1706683042.0,6549.0,1706683049.0,1706683053.0,11.0,,34.0,28.0,4.0,10.0,160656166.0,3.0,21729.0,poseidon,condorpool,poseidon-worker-1-container-24-27,merged_netcdf2png,/opt/netcdf2png/merged_netcdf2png,,0.1,0,0,,,,,,,,,
mrtV2_ID0000150,None,compute,0,1706682975.0,,,1706682986.0,1706683020.0,1706683032.0,28208398.6,1706683018.0,1706683048.0,1706683037.0,1706683040.0,2810.0,1706683049.0,1706683053.0,11.0,,32.0,30.0,4.0,12.0,160605089.0,3.0,9359.0,poseidon,condorpool,poseidon-worker-2-container-8-11,mrtV2,/opt/mrtV2/mrtV2,,0.1,0,0,,,,,,,,,
mrtV2_ID0000152,None,compute,0,1706682975.0,,,1706682986.0,1706683021.0,1706683032.0,28272214.0,1706683019.0,1706683048.0,1706683038.0,1706683041.0,2902.0,1706683049.0,1706683053.0,11.0,,33.0,29.0,4.0,11.0,160605089.0,3.0,9364.0,poseidon,condorpool,poseidon-worker-2-container-44-47,mrtV2,/opt/mrtV2/mrtV2,,0.1,0,0,,,,,,,,,
merged_netcdf2png_ID0000171,cpu_2,compute,0,1706682975.0,,,1706682986.0,1706683020.0,1706683031.0,30935448.0,1706683016.0,1706683048.0,1706683037.0,1706683040.0,6702.0,1706683049.0,1706683053.0,11.0,,30.0,32.0,4.0,11.0,160656166.0,3.0,21740.0,poseidon,condorpool,poseidon-worker-1-container-8-11,merged_netcdf2png,/opt/netcdf2png/merged_netcdf2png,,0.1,0,0,,,,,,,,,
mrtV2_ID0000151,cpu_2,compute,0,1706682975.0,,,1706682986.0,1706683026.0,1706683036.0,28624410.5,1706683024.0,1706683053.0,1706683041.0,1706683045.0,3177.0,1706683053.0,1706683058.0,11.0,,38.0,29.0,5.0,10.0,160605089.0,4.0,10087.0,poseidon,condorpool,poseidon-worker-2-container-28-31,mrtV2,/opt/mrtV2/mrtV2,,0.0,0,0,,,,,,,,,
merged_netcdf2png_ID0000183,None,compute,0,1706682975.0,,,1706682986.0,1706683021.0,1706683031.0,27979712.0,1706683018.0,1706683048.0,1706683037.0,1706683040.0,6527.0,1706683049.0,1706683053.0,11.0,,32.0,30.0,4.0,10.0,160656166.0,3.0,21365.0,poseidon,condorpool,poseidon-worker-2-container-4-7,merged_netcdf2png,/opt/netcdf2png/merged_netcdf2png,,0.1,0,0,,,,,,,,,
merged_netcdf2png_ID0000184,None,compute,0,1706682975.0,,,1706682986.0,1706683021.0,1706683031.0,27528508.5,1706683019.0,1706683048.0,1706683037.0,1706683040.0,6540.0,1706683049.0,1706683053.0,11.0,,33.0,29.0,4.0,10.0,160656166.0,3.0,21426.0,poseidon,condorpool,poseidon-worker-1-container-24-27,merged_netcdf2png,/opt/netcdf2png/merged_netcdf2png,,0.1,0,0,,,,,,,,,
mrtV2_ID0000146,None,compute,0,1706682975.0,,,1706682986.0,1706683020.0,1706683031.0,28023602.0,1706683018.0,1706683048.0,1706683036.0,1706683039.0,3155.0,1706683048.0,1706683053.0,11.0,,32.0,30.0,5.0,11.0,160605089.0,3.0,10295.0,poseidon,condorpool,poseidon-worker-2-container-12-15,mrtV2,/opt/mrtV2/mrtV2,,0.1,0,0,,,,,,,,,
mrtV2_ID0000149,None,compute,0,1706682975.0,,,1706682986.0,1706683021.0,1706683032.0,27736177.8,1706683019.0,1706683048.0,1706683037.0,1706683041.0,2998.0,1706683049.0,1706683053.0,11.0,,33.0,29.0,4.0,11.0,160605089.0,4.0,9647.0,poseidon,condorpool,poseidon-worker-2-container-24-27,mrtV2,/opt/mrtV2/mrtV2,,0.1,0,0,,,,,,,,,
merged_netcdf2png_ID0000185,None,compute,0,1706682975.0,,,1706682986.0,1706683019.0,1706683030.0,27882477.4,1706683017.0,1706683048.0,1706683036.0,1706683039.0,6711.0,1706683048.0,1706683053.0,11.0,,31.0,31.0,5.0,11.0,160656166.0,3.0,21578.0,poseidon,condorpool,poseidon-worker-1-container-16-19,merged_netcdf2png,/opt/netcdf2png/merged_netcdf2png,,0.1,0,0,,,,,,,,,
merged_netcdf2png_ID0000186,None,compute,0,1706682975.0,,,1706682986.0,1706683019.0,1706683031.0,28477755.8,1706683017.0,1706683048.0,1706683036.0,1706683039.0,6631.0,1706683048.0,1706683053.0,11.0,,31.0,31.0,5.0,12.0,160656166.0,3.0,21457.0,poseidon,condorpool,poseidon-worker-2-container-40-43,merged_netcdf2png,/opt/netcdf2png/merged_netcdf2png,,0.1,0,0,,,,,,,,,
mrtV2_ID0000148,cpu_2,compute,0,1706682975.0,,,1706682986.0,1706683021.0,1706683031.0,27604102.0,1706683018.0,1706683048.0,1706683037.0,1706683040.0,3536.0,1706683048.0,1706683053.0,11.0,,32.0,30.0,5.0,10.0,160605089.0,3.0,11291.0,poseidon,condorpool,poseidon-worker-2-container-28-31,mrtV2,/opt/mrtV2/mrtV2,,0.0,0,0,,,,,,,,,
mrtV2_ID0000143,None,compute,0,1706682975.0,,,1706682986.0,1706683019.0,1706683031.0,26150594.3,1706683017.0,1706683048.0,1706683037.0,1706683040.0,3199.0,1706683049.0,1706683053.0,11.0,,31.0,31.0,4.0,12.0,160605089.0,3.0,10433.0,poseidon,condorpool,poseidon-worker-2-container-44-47,mrtV2,/opt/mrtV2/mrtV2,,0.0,0,0,,,,,,,,,
merged_netcdf2png_ID0000180,None,compute,0,1706682975.0,,,1706682986.0,1706683023.0,1706683033.0,27338156.5,1706683021.0,1706683048.0,1706683039.0,1706683042.0,6535.0,1706683049.0,1706683053.0,11.0,,35.0,27.0,4.0,10.0,160656166.0,3.0,21307.0,poseidon,condorpool,poseidon-worker-2-container-24-27,merged_netcdf2png,/opt/netcdf2png/merged_netcdf2png,,0.1,0,0,,,,,,,,,
mrtV2_ID0000147,None,compute,0,1706682975.0,,,1706682986.0,1706683020.0,1706683031.0,29600290.8,1706683018.0,1706683048.0,1706683037.0,1706683040.0,2846.0,1706683049.0,1706683053.0,11.0,,32.0,30.0,4.0,11.0,160605089.0,3.0,9355.0,poseidon,condorpool,poseidon-worker-1-container-36-39,mrtV2,/opt/mrtV2/mrtV2,,0.1,0,0,,,,,,,,,
merged_netcdf2png_ID0000223,None,compute,0,1706682975.0,,,1706682981.0,1706682986.0,1706682997.0,27327017.8,1706682983.0,1706683013.0,1706683002.0,1706683006.0,6900.0,1706683013.0,1706683018.0,6.0,,2.0,30.0,5.0,11.0,160656166.0,4.0,22022.0,poseidon,condorpool,poseidon-worker-1-container-40-43,merged_netcdf2png,/opt/netcdf2png/merged_netcdf2png,,0.1,0,0,,,,,,,,,
mrtV2_ID0000133,None,compute,0,1706682975.0,,,1706682986.0,1706683017.0,1706683028.0,27086876.0,1706683015.0,1706683043.0,1706683033.0,1706683037.0,3731.0,1706683043.0,1706683048.0,11.0,,29.0,28.0,5.0,11.0,160605089.0,4.0,11565.0,poseidon,condorpool,poseidon-worker-1-container-32-35,mrtV2,/opt/mrtV2/mrtV2,,0.0,0,0,,,,,,,,,
mrtV2_ID0000139,None,compute,0,1706682975.0,,,1706682986.0,1706683018.0,1706683033.0,18183632.8,1706683016.0,1706683048.0,1706683038.0,1706683041.0,3487.0,1706683049.0,1706683053.0,11.0,,30.0,32.0,4.0,15.0,160605089.0,3.0,11087.0,poseidon,condorpool,poseidon-worker-2-container-44-47,mrtV2,/opt/mrtV2/mrtV2,,0.1,0,0,,,,,,,,,
merged_netcdf2png_ID0000238,cpu_2,compute,0,1706682975.0,,,1706682986.0,1706683015.0,1706683027.0,26239343.0,1706683012.0,1706683043.0,1706683032.0,1706683035.0,6859.0,1706683043.0,1706683048.0,11.0,,26.0,31.0,5.0,12.0,160656166.0,3.0,21675.0,poseidon,condorpool,poseidon-worker-1-container-8-11,merged_netcdf2png,/opt/netcdf2png/merged_netcdf2png,,0.1,0,0,,,,,,,,,
merged_netcdf2png_ID0000231,None,compute,0,1706682975.0,,,1706682986.0,1706683014.0,1706683026.0,25988975.8,1706683012.0,1706683043.0,1706683032.0,1706683035.0,6840.0,1706683043.0,1706683048.0,11.0,,26.0,31.0,5.0,12.0,160656166.0,3.0,21973.0,poseidon,condorpool,poseidon-worker-1-container-40-43,merged_netcdf2png,/opt/netcdf2png/merged_netcdf2png,,0.1,0,0,,,,,,,,,
merged_netcdf2png_ID0000232,None,compute,0,1706682975.0,,,1706682986.0,1706683014.0,1706683027.0,21551687.7,1706683012.0,1706683043.0,1706683032.0,1706683035.0,6837.0,1706683043.0,1706683048.0,11.0,,26.0,31.0,5.0,13.0,160656166.0,3.0,21956.0,poseidon,condorpool,poseidon-worker-2-container-0-3,merged_netcdf2png,/opt/netcdf2png/merged_netcdf2png,,0.1,0,0,,,,,,,,,
merged_netcdf2png_ID0000233,None,compute,0,1706682975.0,,,1706682986.0,1706683015.0,1706683026.0,26648694.8,1706683012.0,1706683043.0,1706683032.0,1706683035.0,6885.0,1706683043.0,1706683048.0,11.0,,26.0,31.0,5.0,11.0,160656166.0,3.0,21909.0,poseidon,condorpool,poseidon-worker-1-container-32-35,merged_netcdf2png,/opt/netcdf2png/merged_netcdf2png,,0.1,0,0,,,,,,,,,
merged_netcdf2png_ID0000234,None,compute,0,1706682975.0,,,1706682986.0,1706683014.0,1706683025.0,28728336.8,1706683012.0,1706683043.0,1706683030.0,1706683033.0,6943.0,1706683043.0,1706683048.0,11.0,,26.0,31.0,5.0,11.0,160656166.0,3.0,21714.0,poseidon,condorpool,poseidon-worker-2-container-12-15,merged_netcdf2png,/opt/netcdf2png/merged_netcdf2png,,0.1,0,0,,,,,,,,,
merged_netcdf2png_ID0000228,None,compute,0,1706682975.0,,,1706682986.0,1706683013.0,1706683025.0,28346652.4,1706683011.0,1706683043.0,1706683030.0,1706683033.0,6984.0,1706683043.0,1706683048.0,11.0,,25.0,32.0,5.0,12.0,160656166.0,3.0,21982.0,poseidon,condorpool,poseidon-worker-2-container-32-35,merged_netcdf2png,/opt/netcdf2png/merged_netcdf2png,,0.1,0,0,,,,,,,,,
merged_netcdf2png_ID0000229,None,compute,0,1706682975.0,,,1706682986.0,1706683014.0,1706683025.0,26396992.7,1706683011.0,1706683043.0,1706683031.0,1706683034.0,6925.0,1706683043.0,1706683048.0,11.0,,25.0,32.0,5.0,11.0,160656166.0,3.0,21732.0,poseidon,condorpool,poseidon-worker-1-container-28-31,merged_netcdf2png,/opt/netcdf2png/merged_netcdf2png,,0.1,0,0,,,,,,,,,
mrtV2_ID0000194,None,compute,0,1706682975.0,,,1706682986.0,1706683013.0,1706683024.0,30819849.0,1706683011.0,1706683038.0,1706683030.0,1706683033.0,3326.0,1706683038.0,1706683043.0,11.0,,25.0,27.0,5.0,11.0,160605089.0,3.0,10432.0,poseidon,condorpool,poseidon-worker-2-container-20-23,mrtV2,/opt/mrtV2/mrtV2,,0.0,0,0,,,,,,,,,
mrtV2_ID0000193,None,compute,0,1706682975.0,,,1706682986.0,1706683014.0,1706683025.0,29784246.4,1706683011.0,1706683043.0,1706683030.0,1706683033.0,2736.0,1706683043.0,1706683048.0,11.0,,25.0,32.0,5.0,11.0,160605089.0,3.0,8682.0,poseidon,condorpool,poseidon-worker-1-container-32-35,mrtV2,/opt/mrtV2/mrtV2,,0.1,0,0,,,,,,,,,
mrtV2_ID0000196,None,compute,0,1706682975.0,,,1706682986.0,1706683014.0,1706683025.0,30447487.8,1706683011.0,1706683043.0,1706683030.0,1706683033.0,3393.0,1706683043.0,1706683048.0,11.0,,25.0,32.0,5.0,11.0,160605089.0,3.0,10648.0,poseidon,condorpool,poseidon-worker-1-container-36-39,mrtV2,/opt/mrtV2/mrtV2,,0.1,0,0,,,,,,,,,
mrtV2_ID0000195,None,compute,0,1706682975.0,,,1706682986.0,1706683013.0,1706683024.0,26718684.6,1706683011.0,1706683038.0,1706683030.0,1706683033.0,3379.0,1706683038.0,1706683043.0,11.0,,25.0,27.0,5.0,11.0,160605089.0,3.0,10623.0,poseidon,condorpool,poseidon-worker-1-container-36-39,mrtV2,/opt/mrtV2/mrtV2,,0.0,0,0,,,,,,,,,
mrtV2_ID0000192,None,compute,0,1706682975.0,,,1706682986.0,1706683012.0,1706683023.0,26826693.0,1706683010.0,1706683038.0,1706683029.0,1706683032.0,2783.0,1706683038.0,1706683043.0,11.0,,24.0,28.0,5.0,11.0,160605089.0,3.0,8796.0,poseidon,condorpool,poseidon-worker-1-container-16-19,mrtV2,/opt/mrtV2/mrtV2,,0.1,0,0,,,,,,,,,
mrtV2_ID0000191,None,compute,0,1706682975.0,,,1706682986.0,1706683012.0,1706683025.0,22900248.7,1706683010.0,1706683043.0,1706683030.0,1706683033.0,3391.0,1706683043.0,1706683048.0,11.0,,24.0,33.0,5.0,13.0,160605089.0,3.0,10616.0,poseidon,condorpool,poseidon-worker-2-container-0-3,mrtV2,/opt/mrtV2/mrtV2,,0.0,0,0,,,,,,,,,
mrtV2_ID0000220,None,compute,0,1706682975.0,,,1706682986.0,1706683012.0,1706683024.0,25446556.7,1706683010.0,1706683038.0,1706683029.0,1706683032.0,2705.0,1706683038.0,1706683043.0,11.0,,24.0,28.0,5.0,12.0,160605089.0,3.0,8433.0,poseidon,condorpool,poseidon-worker-1-container-44-47,mrtV2,/opt/mrtV2/mrtV2,,0.0,0,0,,,,,,,,,
mrtV2_ID0000221,None,compute,0,1706682975.0,,,1706682986.0,1706683012.0,1706683024.0,26219887.7,1706683010.0,1706683038.0,1706683029.0,1706683032.0,2924.0,1706683038.0,1706683043.0,11.0,,24.0,28.0,5.0,12.0,160605089.0,3.0,9174.0,poseidon,condorpool,poseidon-worker-2-container-36-39,mrtV2,/opt/mrtV2/mrtV2,,0.0,0,0,,,,,,,,,
merged_netcdf2png_ID0000224,None,compute,0,1706682975.0,,,1706682986.0,1706683012.0,1706683023.0,29585611.8,1706683010.0,1706683038.0,1706683028.0,1706683031.0,7017.0,1706683038.0,1706683043.0,11.0,,24.0,28.0,5.0,11.0,160656166.0,3.0,21988.0,poseidon,condorpool,poseidon-worker-2-container-20-23,merged_netcdf2png,/opt/netcdf2png/merged_netcdf2png,,0.1,0,0,,,,,,,,,
merged_netcdf2png_ID0000225,cpu_2,compute,0,1706682975.0,,,1706682986.0,1706683012.0,1706683024.0,24889088.7,1706683010.0,1706683038.0,1706683029.0,1706683032.0,7052.0,1706683038.0,1706683043.0,11.0,,24.0,28.0,5.0,12.0,160656166.0,3.0,22002.0,poseidon,condorpool,poseidon-worker-2-container-16-19,merged_netcdf2png,/opt/netcdf2png/merged_netcdf2png,,0.1,0,0,,,,,,,,,
merged_netcdf2png_ID0000226,None,compute,0,1706682975.0,,,1706682981.0,1706683011.0,1706683023.0,26233777.6,1706683009.0,1706683038.0,1706683028.0,1706683032.0,7050.0,1706683038.0,1706683043.0,6.0,,28.0,29.0,5.0,12.0,160656166.0,4.0,22051.0,poseidon,condorpool,poseidon-worker-1-container-44-47,merged_netcdf2png,/opt/netcdf2png/merged_netcdf2png,,0.1,0,0,,,,,,,,,
merged_netcdf2png_ID0000366,None,compute,0,1706682975.0,,,1706682997.0,1706683072.0,1706683083.0,30994987.6,1706683070.0,1706683099.0,1706683088.0,1706683091.0,7027.0,1706683099.0,1706683104.0,22.0,,73.0,29.0,5.0,11.0,160656166.0,3.0,22208.0,poseidon,condorpool,poseidon-worker-2-container-8-11,merged_netcdf2png,/opt/netcdf2png/merged_netcdf2png,,0.1,0,0,,,,,,,,,
merged_netcdf2png_ID0000237,None,compute,0,1706682975.0,,,1706682986.0,1706683014.0,1706683026.0,25250892.0,1706683012.0,1706683043.0,1706683031.0,1706683035.0,6856.0,1706683043.0,1706683048.0,11.0,,26.0,31.0,5.0,12.0,160656166.0,4.0,21821.0,poseidon,condorpool,poseidon-worker-2-container-20-23,merged_netcdf2png,/opt/netcdf2png/merged_netcdf2png,,0.1,0,0,,,,,,,,,
merged_netcdf2png_ID0000236,None,compute,0,1706682975.0,,,1706682986.0,1706683015.0,1706683027.0,25872671.6,1706683012.0,1706683043.0,1706683032.0,1706683035.0,6758.0,1706683043.0,1706683048.0,11.0,,26.0,31.0,5.0,12.0,160656166.0,3.0,21731.0,poseidon,condorpool,poseidon-worker-1-container-32-35,merged_netcdf2png,/opt/netcdf2png/merged_netcdf2png,,0.1,0,0,,,,,,,,,
merged_netcdf2png_ID0000235,None,compute,0,1706682975.0,,,1706682986.0,1706683015.0,1706683026.0,26899476.8,1706683012.0,1706683043.0,1706683032.0,1706683035.0,6844.0,1706683043.0,1706683048.0,11.0,,26.0,31.0,5.0,11.0,160656166.0,3.0,21849.0,poseidon,condorpool,poseidon-worker-1-container-28-31,merged_netcdf2png,/opt/netcdf2png/merged_netcdf2png,,0.1,0,0,,,,,,,,,
mrtV2_ID0000199,None,compute,0,1706682975.0,,,1706682986.0,1706683014.0,1706683026.0,26587492.7,1706683012.0,1706683043.0,1706683032.0,1706683035.0,2915.0,1706683043.0,1706683048.0,11.0,,26.0,31.0,5.0,12.0,160605089.0,3.0,9309.0,poseidon,condorpool,poseidon-worker-2-container-8-11,mrtV2,/opt/mrtV2/mrtV2,,0.0,0,0,,,,,,,,,
merged_netcdf2png_ID0000177,cpu_2,compute,0,1706682975.0,,,1706682986.0,1706683019.0,1706683030.0,28569581.8,1706683015.0,1706683048.0,1706683036.0,1706683039.0,6566.0,1706683048.0,1706683053.0,11.0,,29.0,33.0,5.0,11.0,160656166.0,3.0,21401.0,poseidon,condorpool,poseidon-worker-1-container-20-23,merged_netcdf2png,/opt/netcdf2png/merged_netcdf2png,,0.1,0,0,,,,,,,,,
merged_netcdf2png_ID0000178,None,compute,0,1706682975.0,,,1706682986.0,1706683017.0,1706683028.0,26111834.0,1706683014.0,1706683048.0,1706683034.0,1706683037.0,6767.0,1706683048.0,1706683053.0,11.0,,28.0,34.0,5.0,11.0,160656166.0,3.0,21751.0,poseidon,condorpool,poseidon-worker-1-container-44-47,merged_netcdf2png,/opt/netcdf2png/merged_netcdf2png,,0.1,0,0,,,,,,,,,
merged_netcdf2png_ID0000179,cpu_2,compute,0,1706682975.0,,,1706682986.0,1706683018.0,1706683031.0,25115282.7,1706683015.0,1706683048.0,1706683036.0,1706683039.0,6533.0,1706683048.0,1706683053.0,11.0,,29.0,33.0,5.0,13.0,160656166.0,3.0,21672.0,poseidon,condorpool,poseidon-worker-1-container-8-11,merged_netcdf2png,/opt/netcdf2png/merged_netcdf2png,,0.1,0,0,,,,,,,,,
mrtV2_ID0000130,cpu_2,compute,0,1706682975.0,,,1706682986.0,1706683017.0,1706683028.0,30873136.0,1706683014.0,1706683043.0,1706683034.0,1706683037.0,3315.0,1706683043.0,1706683048.0,11.0,,28.0,29.0,5.0,11.0,160605089.0,3.0,10424.0,poseidon,condorpool,poseidon-worker-2-container-16-19,mrtV2,/opt/mrtV2/mrtV2,,0.0,0,0,,,,,,,,,
merged_netcdf2png_ID0000161,None,compute,0,1706682975.0,,,1706682986.0,1706683017.0,1706683029.0,25412612.0,1706683015.0,1706683048.0,1706683034.0,1706683037.0,6919.0,1706683048.0,1706683053.0,11.0,,29.0,33.0,5.0,12.0,160656166.0,3.0,21903.0,poseidon,condorpool,poseidon-worker-2-container-12-15,merged_netcdf2png,/opt/netcdf2png/merged_netcdf2png,,0.1,0,0,,,,,,,,,
merged_netcdf2png_ID0000162,cpu_2,compute,0,1706682975.0,,,1706682986.0,1706683018.0,1706683030.0,29483213.2,1706683014.0,1706683048.0,1706683035.0,1706683038.0,7000.0,1706683048.0,1706683053.0,11.0,,28.0,34.0,5.0,12.0,160656166.0,3.0,21900.0,poseidon,condorpool,poseidon-worker-1-container-20-23,merged_netcdf2png,/opt/netcdf2png/merged_netcdf2png,,0.1,0,0,,,,,,,,,
merged_netcdf2png_ID0000163,None,compute,0,1706682975.0,,,1706682986.0,1706683016.0,1706683029.0,21455410.0,1706683014.0,1706683048.0,1706683035.0,1706683038.0,6897.0,1706683048.0,1706683053.0,11.0,,28.0,34.0,5.0,13.0,160656166.0,3.0,21891.0,poseidon,condorpool,poseidon-worker-2-container-32-35,merged_netcdf2png,/opt/netcdf2png/merged_netcdf2png,,0.1,0,0,,,,,,,,,
merged_netcdf2png_ID0000164,None,compute,0,1706682975.0,,,1706682986.0,1706683016.0,1706683027.0,27012769.5,1706683014.0,1706683043.0,1706683033.0,1706683036.0,6985.0,1706683043.0,1706683048.0,11.0,,28.0,29.0,5.0,11.0,160656166.0,3.0,21707.0,poseidon,condorpool,poseidon-worker-1-container-4-7,merged_netcdf2png,/opt/netcdf2png/merged_netcdf2png,,0.1,0,0,,,,,,,,,
merged_netcdf2png_ID0000160,cpu_2,compute,0,1706682975.0,,,1706682986.0,1706683018.0,1706683029.0,28793733.0,1706683014.0,1706683048.0,1706683035.0,1706683038.0,6960.0,1706683048.0,1706683053.0,11.0,,28.0,34.0,5.0,11.0,160656166.0,3.0,21898.0,poseidon,condorpool,poseidon-worker-1-container-20-23,merged_netcdf2png,/opt/netcdf2png/merged_netcdf2png,,0.1,0,0,,,,,,,,,
merged_netcdf2png_ID0000176,None,compute,0,1706682975.0,,,1706682986.0,1706683017.0,1706683028.0,27451305.0,1706683015.0,1706683043.0,1706683033.0,1706683036.0,6920.0,1706683043.0,1706683048.0,11.0,,29.0,28.0,5.0,11.0,160656166.0,3.0,21783.0,poseidon,condorpool,poseidon-worker-1-container-40-43,merged_netcdf2png,/opt/netcdf2png/merged_netcdf2png,,0.1,0,0,,,,,,,,,
merged_netcdf2png_ID0000169,None,compute,0,1706682975.0,,,1706682986.0,1706683015.0,1706683032.0,14529006.0,1706683013.0,1706683048.0,1706683038.0,1706683041.0,6699.0,1706683049.0,1706683053.0,11.0,,27.0,35.0,4.0,17.0,160656166.0,3.0,21932.0,poseidon,condorpool,poseidon-worker-2-container-40-43,merged_netcdf2png,/opt/netcdf2png/merged_netcdf2png,,0.1,0,0,,,,,,,,,
mrtV2_ID0000129,cpu_2,compute,0,1706682975.0,,,1706682986.0,1706683017.0,1706683028.0,26839874.0,1706683015.0,1706683043.0,1706683034.0,1706683037.0,3805.0,1706683043.0,1706683048.0,11.0,,29.0,28.0,5.0,11.0,160605089.0,3.0,12035.0,poseidon,condorpool,poseidon-worker-2-container-28-31,mrtV2,/opt/mrtV2/mrtV2,,0.0,0,0,,,,,,,,,
merged_netcdf2png_ID0000166,None,compute,0,1706682975.0,,,1706682986.0,1706683016.0,1706683027.0,28186478.6,1706683014.0,1706683043.0,1706683033.0,1706683036.0,6859.0,1706683043.0,1706683048.0,11.0,,28.0,29.0,5.0,11.0,160656166.0,3.0,21614.0,poseidon,condorpool,poseidon-worker-1-container-44-47,merged_netcdf2png,/opt/netcdf2png/merged_netcdf2png,,0.1,0,0,,,,,,,,,
mrtV2_ID0000128,None,compute,0,1706682975.0,,,1706682986.0,1706683015.0,1706683027.0,27866943.6,1706683013.0,1706683043.0,1706683032.0,1706683035.0,3758.0,1706683043.0,1706683048.0,11.0,,27.0,30.0,5.0,12.0,160605089.0,3.0,11998.0,poseidon,condorpool,poseidon-worker-2-container-12-15,mrtV2,/opt/mrtV2/mrtV2,,0.0,0,0,,,,,,,,,
merged_netcdf2png_ID0000167,None,compute,0,1706682975.0,,,1706682986.0,1706683016.0,1706683027.0,29993735.0,1706683013.0,1706683043.0,1706683032.0,1706683036.0,6841.0,1706683043.0,1706683048.0,11.0,,27.0,30.0,5.0,11.0,160656166.0,4.0,21798.0,poseidon,condorpool,poseidon-worker-1-container-40-43,merged_netcdf2png,/opt/netcdf2png/merged_netcdf2png,,0.1,0,0,,,,,,,,,
merged_netcdf2png_ID0000168,None,compute,0,1706682975.0,,,1706682986.0,1706683015.0,1706683026.0,27211079.0,1706683013.0,1706683043.0,1706683032.0,1706683035.0,6746.0,1706683043.0,1706683048.0,11.0,,27.0,30.0,5.0,11.0,160656166.0,3.0,21737.0,poseidon,condorpool,poseidon-worker-1-container-36-39,merged_netcdf2png,/opt/netcdf2png/merged_netcdf2png,,0.1,0,0,,,,,,,,,
merged_netcdf2png_ID0000239,None,compute,0,1706682975.0,,,1706682986.0,1706683015.0,1706683027.0,26597741.7,1706683013.0,1706683043.0,1706683032.0,1706683035.0,6839.0,1706683043.0,1706683048.0,11.0,,27.0,30.0,5.0,12.0,160656166.0,3.0,21718.0,poseidon,condorpool,poseidon-worker-2-container-36-39,merged_netcdf2png,/opt/netcdf2png/merged_netcdf2png,,0.1,0,0,,,,,,,,,
merged_netcdf2png_ID0000230,None,compute,0,1706682975.0,,,1706682986.0,1706683015.0,1706683026.0,27297045.4,1706683013.0,1706683043.0,1706683032.0,1706683035.0,6859.0,1706683043.0,1706683048.0,11.0,,27.0,30.0,5.0,11.0,160656166.0,3.0,22085.0,poseidon,condorpool,poseidon-worker-2-container-4-7,merged_netcdf2png,/opt/netcdf2png/merged_netcdf2png,,0.1,0,0,,,,,,,,,
mrtV2_ID0000198,None,compute,0,1706682975.0,,,1706682986.0,1706683015.0,1706683026.0,28483386.2,1706683013.0,1706683043.0,1706683031.0,1706683035.0,3378.0,1706683043.0,1706683048.0,11.0,,27.0,30.0,5.0,11.0,160605089.0,4.0,10529.0,poseidon,condorpool,poseidon-worker-2-container-36-39,mrtV2,/opt/mrtV2/mrtV2,,0.0,0,0,,,,,,,,,
mrtV2_ID0000197,None,compute,0,1706682975.0,,,1706682986.0,1706683015.0,1706683034.0,12411082.0,1706683012.0,1706683048.0,1706683039.0,1706683042.0,3268.0,1706683049.0,1706683053.0,11.0,,26.0,36.0,4.0,19.0,160605089.0,3.0,10335.0,poseidon,condorpool,poseidon-worker-1-container-40-43,mrtV2,/opt/mrtV2/mrtV2,,0.1,0,0,,,,,,,,,
merged_netcdf2png_ID0000165,cpu_2,compute,0,1706682975.0,,,1706682986.0,1706683018.0,1706683029.0,30131016.8,1706683014.0,1706683048.0,1706683034.0,1706683037.0,6821.0,1706683048.0,1706683053.0,11.0,,28.0,34.0,5.0,11.0,160656166.0,3.0,22035.0,poseidon,condorpool,poseidon-worker-1-container-20-23,merged_netcdf2png,/opt/netcdf2png/merged_netcdf2png,,0.1,0,0,,,,,,,,,
mrtV2_ID0000328,None,compute,0,1706682975.0,,,1706682997.0,1706683072.0,1706683083.0,31535609.4,1706683070.0,1706683099.0,1706683088.0,1706683091.0,3470.0,1706683099.0,1706683104.0,22.0,,73.0,29.0,5.0,11.0,160605089.0,3.0,10898.0,poseidon,condorpool,poseidon-worker-1-container-40-43,mrtV2,/opt/mrtV2/mrtV2,,0.0,0,0,,,,,,,,,
mrtV2_ID0000325,None,compute,0,1706682975.0,,,1706682998.0,1706683076.0,1706683087.0,28034208.5,1706683073.0,1706683104.0,1706683092.0,1706683095.0,3346.0,1706683104.0,1706683109.0,23.0,,75.0,31.0,5.0,11.0,160605089.0,3.0,10710.0,poseidon,condorpool,poseidon-worker-1-container-44-47,mrtV2,/opt/mrtV2/mrtV2,,0.0,0,0,,,,,,,,,
merged_netcdf2png_ID0000037,None,compute,0,1706682975.0,,,1706682980.0,1706682991.0,1706683004.0,21980331.0,1706682989.0,1706683018.0,1706683009.0,1706683012.0,7001.0,1706683019.0,1706683023.0,5.0,,9.0,29.0,4.0,13.0,160656166.0,3.0,22029.0,poseidon,condorpool,poseidon-worker-2-container-36-39,merged_netcdf2png,/opt/netcdf2png/merged_netcdf2png,,0.1,0,0,,,,,,,,,
merged_netcdf2png_ID0000121,cpu_2,compute,0,1706682975.0,,,1706682987.0,1706683025.0,1706683036.0,28841848.8,1706683021.0,1706683053.0,1706683041.0,1706683045.0,6713.0,1706683053.0,1706683058.0,12.0,,34.0,32.0,5.0,11.0,160656166.0,4.0,21444.0,poseidon,condorpool,poseidon-worker-1-container-12-15,merged_netcdf2png,/opt/netcdf2png/merged_netcdf2png,,0.2,0,0,,,,,,,,,
merged_netcdf2png_ID0000122,cpu_2,compute,0,1706682975.0,,,1706682987.0,1706683022.0,1706683033.0,30485116.6,1706683020.0,1706683048.0,1706683038.0,1706683041.0,6760.0,1706683049.0,1706683053.0,12.0,,33.0,28.0,4.0,11.0,160656166.0,3.0,21394.0,poseidon,condorpool,poseidon-worker-2-container-16-19,merged_netcdf2png,/opt/netcdf2png/merged_netcdf2png,,0.1,0,0,,,,,,,,,
merged_netcdf2png_ID0000123,None,compute,0,1706682975.0,,,1706682987.0,1706683021.0,1706683032.0,30853673.0,1706683019.0,1706683048.0,1706683038.0,1706683041.0,6619.0,1706683049.0,1706683053.0,12.0,,32.0,29.0,4.0,11.0,160656166.0,3.0,21371.0,poseidon,condorpool,poseidon-worker-1-container-0-3,merged_netcdf2png,/opt/netcdf2png/merged_netcdf2png,,0.1,0,0,,,,,,,,,
merged_netcdf2png_ID0000124,cpu_2,compute,0,1706682975.0,,,1706682987.0,1706683024.0,1706683035.0,27824723.4,1706683020.0,1706683053.0,1706683040.0,1706683044.0,6636.0,1706683053.0,1706683058.0,12.0,,33.0,33.0,5.0,11.0,160656166.0,4.0,21350.0,poseidon,condorpool,poseidon-worker-1-container-12-15,merged_netcdf2png,/opt/netcdf2png/merged_netcdf2png,,0.1,0,0,,,,,,,,,
mrtV2_ID0000282,None,compute,0,1706682975.0,,,1706682997.0,1706683072.0,1706683083.0,30078301.2,1706683070.0,1706683099.0,1706683088.0,1706683092.0,3030.0,1706683099.0,1706683104.0,22.0,,73.0,29.0,5.0,11.0,160605089.0,4.0,9563.0,poseidon,condorpool,poseidon-worker-1-container-32-35,mrtV2,/opt/mrtV2/mrtV2,,0.0,0,0,,,,,,,,,
mrtV2_ID0000281,None,compute,0,1706682975.0,,,1706682997.0,1706683072.0,1706683084.0,26395125.4,1706683070.0,1706683099.0,1706683089.0,1706683092.0,2973.0,1706683099.0,1706683104.0,22.0,,73.0,29.0,5.0,12.0,160605089.0,3.0,9347.0,poseidon,condorpool,poseidon-worker-2-container-12-15,mrtV2,/opt/mrtV2/mrtV2,,0.1,0,0,,,,,,,,,
mrtV2_ID0000284,None,compute,0,1706682975.0,,,1706682997.0,1706683071.0,1706683082.0,30688491.2,1706683070.0,1706683099.0,1706683088.0,1706683091.0,2813.0,1706683099.0,1706683104.0,22.0,,73.0,29.0,5.0,11.0,160605089.0,3.0,8878.0,poseidon,condorpool,poseidon-worker-1-container-32-35,mrtV2,/opt/mrtV2/mrtV2,,0.1,0,0,,,,,,,,,
mrtV2_ID0000283,None,compute,0,1706682975.0,,,1706682997.0,1706683072.0,1706683083.0,29952593.0,1706683070.0,1706683099.0,1706683088.0,1706683091.0,2964.0,1706683099.0,1706683104.0,22.0,,73.0,29.0,5.0,11.0,160605089.0,3.0,9459.0,poseidon,condorpool,poseidon-worker-1-container-36-39,mrtV2,/opt/mrtV2/mrtV2,,0.0,0,0,,,,,,,,,
mrtV2_ID0000280,None,compute,0,1706682975.0,,,1706682997.0,1706683072.0,1706683084.0,26745326.0,1706683070.0,1706683099.0,1706683089.0,1706683092.0,3282.0,1706683099.0,1706683104.0,22.0,,73.0,29.0,5.0,12.0,160605089.0,3.0,10194.0,poseidon,condorpool,poseidon-worker-2-container-36-39,mrtV2,/opt/mrtV2/mrtV2,,0.1,0,0,,,,,,,,,
mrtV2_ID0000279,None,compute,0,1706682975.0,,,1706682997.0,1706683071.0,1706683082.0,26513260.3,1706683069.0,1706683099.0,1706683088.0,1706683091.0,2956.0,1706683099.0,1706683104.0,22.0,,72.0,30.0,5.0,11.0,160605089.0,3.0,9167.0,poseidon,condorpool,poseidon-worker-2-container-20-23,mrtV2,/opt/mrtV2/mrtV2,,0.1,0,0,,,,,,,,,
mrtV2_ID0000278,None,compute,0,1706682975.0,,,1706682997.0,1706683070.0,1706683081.0,31221102.6,1706683069.0,1706683099.0,1706683087.0,1706683090.0,2739.0,1706683099.0,1706683104.0,22.0,,72.0,30.0,5.0,11.0,160605089.0,3.0,8526.0,poseidon,condorpool,poseidon-worker-1-container-28-31,mrtV2,/opt/mrtV2/mrtV2,,0.1,0,0,,,,,,,,,
mrtV2_ID0000275,None,compute,0,1706682975.0,,,1706682997.0,1706683070.0,1706683081.0,27579589.2,1706683068.0,1706683099.0,1706683086.0,1706683090.0,3181.0,1706683099.0,1706683104.0,22.0,,71.0,31.0,5.0,11.0,160605089.0,4.0,9839.0,poseidon,condorpool,poseidon-worker-2-container-0-3,mrtV2,/opt/mrtV2/mrtV2,,0.1,0,0,,,,,,,,,
mrtV2_ID0000274,None,compute,0,1706682975.0,,,1706682997.0,1706683070.0,1706683081.0,31279306.0,1706683068.0,1706683099.0,1706683086.0,1706683089.0,3031.0,1706683099.0,1706683104.0,22.0,,71.0,31.0,5.0,11.0,160605089.0,3.0,9547.0,poseidon,condorpool,poseidon-worker-2-container-32-35,mrtV2,/opt/mrtV2/mrtV2,,0.1,0,0,,,,,,,,,
mrtV2_ID0000277,None,compute,0,1706682975.0,,,1706682997.0,1706683069.0,1706683081.0,26961043.0,1706683068.0,1706683099.0,1706683086.0,1706683089.0,3164.0,1706683099.0,1706683104.0,22.0,,71.0,31.0,5.0,12.0,160605089.0,3.0,9823.0,poseidon,condorpool,poseidon-worker-1-container-32-35,mrtV2,/opt/mrtV2/mrtV2,,0.1,0,0,,,,,,,,,
mrtV2_ID0000276,None,compute,0,1706682975.0,,,1706682997.0,1706683069.0,1706683080.0,31070384.6,1706683068.0,1706683099.0,1706683086.0,1706683089.0,3001.0,1706683099.0,1706683104.0,22.0,,71.0,31.0,5.0,11.0,160605089.0,3.0,9313.0,poseidon,condorpool,poseidon-worker-2-container-12-15,mrtV2,/opt/mrtV2/mrtV2,,0.0,0,0,,,,,,,,,
merged_netcdf2png_ID0000312,cpu_2,compute,0,1706682975.0,,,1706682992.0,1706683070.0,1706683082.0,24962348.0,1706683068.0,1706683099.0,1706683087.0,1706683091.0,6888.0,1706683099.0,1706683104.0,17.0,,76.0,31.0,5.0,12.0,160656166.0,4.0,21735.0,poseidon,condorpool,poseidon-worker-2-container-16-19,merged_netcdf2png,/opt/netcdf2png/merged_netcdf2png,,0.1,0,0,,,,,,,,,
merged_netcdf2png_ID0000313,None,compute,0,1706682975.0,,,1706682992.0,1706683071.0,1706683082.0,27744934.8,1706683069.0,1706683099.0,1706683088.0,1706683091.0,6957.0,1706683099.0,1706683104.0,17.0,,77.0,30.0,5.0,11.0,160656166.0,3.0,21671.0,poseidon,condorpool,poseidon-worker-1-container-36-39,merged_netcdf2png,/opt/netcdf2png/merged_netcdf2png,,0.1,0,0,,,,,,,,,
merged_netcdf2png_ID0000314,None,compute,0,1706682975.0,,,1706682992.0,1706683069.0,1706683080.0,29564113.6,1706683067.0,1706683099.0,1706683085.0,1706683089.0,7023.0,1706683099.0,1706683104.0,17.0,,75.0,32.0,5.0,11.0,160656166.0,4.0,21946.0,poseidon,condorpool,poseidon-worker-2-container-20-23,merged_netcdf2png,/opt/netcdf2png/merged_netcdf2png,,0.1,0,0,,,,,,,,,
merged_netcdf2png_ID0000315,None,compute,0,1706682975.0,,,1706682992.0,1706683068.0,1706683080.0,26432020.8,1706683066.0,1706683099.0,1706683085.0,1706683088.0,6971.0,1706683099.0,1706683104.0,17.0,,74.0,33.0,5.0,12.0,160656166.0,3.0,21909.0,poseidon,condorpool,poseidon-worker-1-container-44-47,merged_netcdf2png,/opt/netcdf2png/merged_netcdf2png,,0.1,0,0,,,,,,,,,
merged_netcdf2png_ID0000126,None,compute,0,1706682975.0,,,1706682987.0,1706683024.0,1706683034.0,27871298.0,1706683022.0,1706683053.0,1706683040.0,1706683043.0,6648.0,1706683053.0,1706683058.0,12.0,,35.0,31.0,5.0,10.0,160656166.0,3.0,21517.0,poseidon,condorpool,poseidon-worker-2-container-24-27,merged_netcdf2png,/opt/netcdf2png/merged_netcdf2png,,0.2,0,0,,,,,,,,,
merged_netcdf2png_ID0000125,None,compute,0,1706682975.0,,,1706682987.0,1706683027.0,1706683038.0,28253775.5,1706683026.0,1706683053.0,1706683043.0,1706683047.0,6700.0,1706683053.0,1706683058.0,12.0,,39.0,27.0,5.0,11.0,160656166.0,4.0,21641.0,poseidon,condorpool,poseidon-worker-2-container-24-27,merged_netcdf2png,/opt/netcdf2png/merged_netcdf2png,,0.1,0,0,,,,,,,,,
mrtV2_ID0000089,None,compute,0,1706682975.0,,,1706682987.0,1706683039.0,1706683051.0,27752604.8,1706683037.0,1706683068.0,1706683056.0,1706683059.0,2897.0,1706683068.0,1706683074.0,12.0,,50.0,31.0,6.0,12.0,160605089.0,3.0,9071.0,poseidon,condorpool,poseidon-worker-2-container-40-43,mrtV2,/opt/mrtV2/mrtV2,,0.1,0,0,,,,,,,,,
mrtV2_ID0000087,None,compute,0,1706682975.0,,,1706682987.0,1706683039.0,1706683051.0,28964821.0,1706683037.0,1706683068.0,1706683056.0,1706683059.0,3265.0,1706683068.0,1706683074.0,12.0,,50.0,31.0,6.0,12.0,160605089.0,3.0,10299.0,poseidon,condorpool,poseidon-worker-2-container-20-23,mrtV2,/opt/mrtV2/mrtV2,,0.1,0,0,,,,,,,,,
mrtV2_ID0000067,None,compute,0,1706682975.0,,,1706682992.0,1706683043.0,1706683055.0,24416886.8,1706683041.0,1706683074.0,1706683060.0,1706683064.0,3810.0,1706683074.0,1706683079.0,17.0,,49.0,33.0,5.0,12.0,160605089.0,4.0,12000.0,poseidon,condorpool,poseidon-worker-1-container-40-43,mrtV2,/opt/mrtV2/mrtV2,,0.1,0,0,,,,,,,,,
merged_netcdf2png_ID0000103,None,compute,0,1706682975.0,,,1706682992.0,1706683043.0,1706683055.0,25492602.0,1706683041.0,1706683074.0,1706683061.0,1706683064.0,6994.0,1706683074.0,1706683079.0,17.0,,49.0,33.0,5.0,12.0,160656166.0,3.0,21935.0,poseidon,condorpool,poseidon-worker-1-container-28-31,merged_netcdf2png,/opt/netcdf2png/merged_netcdf2png,,0.1,0,0,,,,,,,,,
merged_netcdf2png_ID0000104,None,compute,0,1706682975.0,,,1706682992.0,1706683044.0,1706683055.0,31139814.2,1706683042.0,1706683074.0,1706683060.0,1706683064.0,6753.0,1706683074.0,1706683079.0,17.0,,50.0,32.0,5.0,11.0,160656166.0,4.0,21660.0,poseidon,condorpool,poseidon-worker-1-container-32-35,merged_netcdf2png,/opt/netcdf2png/merged_netcdf2png,,0.1,0,0,,,,,,,,,
merged_netcdf2png_ID0000105,None,compute,0,1706682975.0,,,1706682992.0,1706683044.0,1706683055.0,24680727.8,1706683041.0,1706683074.0,1706683061.0,1706683064.0,6919.0,1706683074.0,1706683079.0,17.0,,49.0,33.0,5.0,11.0,160656166.0,3.0,21757.0,poseidon,condorpool,poseidon-worker-2-container-8-11,merged_netcdf2png,/opt/netcdf2png/merged_netcdf2png,,0.1,0,0,,,,,,,,,
merged_netcdf2png_ID0000106,None,compute,0,1706682975.0,,,1706682992.0,1706683043.0,1706683054.0,29354257.0,1706683041.0,1706683069.0,1706683060.0,1706683063.0,6946.0,1706683069.0,1706683074.0,17.0,,49.0,28.0,5.0,11.0,160656166.0,3.0,21839.0,poseidon,condorpool,poseidon-worker-2-container-36-39,merged_netcdf2png,/opt/netcdf2png/merged_netcdf2png,,0.1,0,0,,,,,,,,,
merged_netcdf2png_ID0000100,None,compute,0,1706682975.0,,,1706682992.0,1706683043.0,1706683054.0,31579709.4,1706683041.0,1706683069.0,1706683060.0,1706683063.0,6930.0,1706683069.0,1706683074.0,17.0,,49.0,28.0,5.0,11.0,160656166.0,3.0,21600.0,poseidon,condorpool,poseidon-worker-2-container-20-23,merged_netcdf2png,/opt/netcdf2png/merged_netcdf2png,,0.1,0,0,,,,,,,,,
merged_netcdf2png_ID0000101,None,compute,0,1706682975.0,,,1706682992.0,1706683042.0,1706683054.0,26914147.2,1706683040.0,1706683069.0,1706683059.0,1706683062.0,6943.0,1706683069.0,1706683074.0,17.0,,48.0,29.0,5.0,12.0,160656166.0,3.0,22007.0,poseidon,condorpool,poseidon-worker-1-container-28-31,merged_netcdf2png,/opt/netcdf2png/merged_netcdf2png,,0.1,0,0,,,,,,,,,
merged_netcdf2png_ID0000102,None,compute,0,1706682975.0,,,1706682992.0,1706683042.0,1706683053.0,32031580.0,1706683040.0,1706683069.0,1706683058.0,1706683061.0,6889.0,1706683069.0,1706683074.0,17.0,,48.0,29.0,5.0,11.0,160656166.0,3.0,21628.0,poseidon,condorpool,poseidon-worker-2-container-12-15,merged_netcdf2png,/opt/netcdf2png/merged_netcdf2png,,0.1,0,0,,,,,,,,,
merged_netcdf2png_ID0000096,None,compute,0,1706682975.0,,,1706682992.0,1706683042.0,1706683053.0,27160054.0,1706683040.0,1706683069.0,1706683058.0,1706683061.0,6887.0,1706683069.0,1706683074.0,17.0,,48.0,29.0,5.0,11.0,160656166.0,3.0,21828.0,poseidon,condorpool,poseidon-worker-1-container-36-39,merged_netcdf2png,/opt/netcdf2png/merged_netcdf2png,,0.1,0,0,,,,,,,,,
merged_netcdf2png_ID0000310,None,compute,0,1706682975.0,,,1706682992.0,1706683068.0,1706683079.0,27013007.0,1706683066.0,1706683094.0,1706683084.0,1706683088.0,6834.0,1706683094.0,1706683099.0,17.0,,74.0,28.0,5.0,11.0,160656166.0,4.0,21763.0,poseidon,condorpool,poseidon-worker-1-container-36-39,merged_netcdf2png,/opt/netcdf2png/merged_netcdf2png,,0.1,0,0,,,,,,,,,
merged_netcdf2png_ID0000097,None,compute,0,1706682975.0,,,1706682992.0,1706683042.0,1706683053.0,30317978.8,1706683040.0,1706683069.0,1706683058.0,1706683062.0,6879.0,1706683069.0,1706683074.0,17.0,,48.0,29.0,5.0,11.0,160656166.0,4.0,21729.0,poseidon,condorpool,poseidon-worker-2-container-0-3,merged_netcdf2png,/opt/netcdf2png/merged_netcdf2png,,0.1,0,0,,,,,,,,,
merged_netcdf2png_ID0000099,None,compute,0,1706682975.0,,,1706682992.0,1706683042.0,1706683053.0,29956119.8,1706683040.0,1706683069.0,1706683058.0,1706683062.0,6907.0,1706683069.0,1706683074.0,17.0,,48.0,29.0,5.0,11.0,160656166.0,4.0,21765.0,poseidon,condorpool,poseidon-worker-2-container-32-35,merged_netcdf2png,/opt/netcdf2png/merged_netcdf2png,,0.1,0,0,,,,,,,,,
mrtV2_ID0000095,None,compute,0,1706682975.0,,,1706682992.0,1706683041.0,1706683052.0,27584295.0,1706683039.0,1706683069.0,1706683057.0,1706683060.0,2443.0,1706683069.0,1706683074.0,17.0,,47.0,30.0,5.0,11.0,160605089.0,3.0,7664.0,poseidon,condorpool,poseidon-worker-2-container-20-23,mrtV2,/opt/mrtV2/mrtV2,,0.1,0,0,,,,,,,,,
mrtV2_ID0000094,None,compute,0,1706682975.0,,,1706682992.0,1706683041.0,1706683052.0,31629431.6,1706683039.0,1706683068.0,1706683057.0,1706683060.0,3258.0,1706683068.0,1706683074.0,17.0,,47.0,29.0,6.0,11.0,160605089.0,3.0,10197.0,poseidon,condorpool,poseidon-worker-1-container-36-39,mrtV2,/opt/mrtV2/mrtV2,,0.1,0,0,,,,,,,,,
mrtV2_ID0000091,cpu_2,compute,0,1706682975.0,,,1706682992.0,1706683041.0,1706683053.0,24672522.4,1706683039.0,1706683069.0,1706683058.0,1706683061.0,2721.0,1706683069.0,1706683074.0,17.0,,47.0,30.0,5.0,12.0,160605089.0,3.0,8675.0,poseidon,condorpool,poseidon-worker-2-container-16-19,mrtV2,/opt/mrtV2/mrtV2,,0.0,0,0,,,,,,,,,
mrtV2_ID0000090,None,compute,0,1706682975.0,,,1706682987.0,1706683040.0,1706683052.0,29904704.6,1706683039.0,1706683068.0,1706683057.0,1706683060.0,2597.0,1706683068.0,1706683074.0,12.0,,52.0,29.0,6.0,12.0,160605089.0,3.0,8154.0,poseidon,condorpool,poseidon-worker-1-container-44-47,mrtV2,/opt/mrtV2/mrtV2,,0.0,0,0,,,,,,,,,
mrtV2_ID0000032,None,compute,0,1706682975.0,,,1706682980.0,1706682991.0,1706683001.0,28418123.0,1706682988.0,1706683018.0,1706683007.0,1706683010.0,2327.0,1706683018.0,1706683023.0,5.0,,8.0,30.0,5.0,10.0,160605089.0,3.0,7490.0,poseidon,condorpool,poseidon-worker-2-container-24-27,mrtV2,/opt/mrtV2/mrtV2,,0.1,0,0,,,,,,,,,
mrtV2_ID0000092,None,compute,0,1706682975.0,,,1706682987.0,1706683040.0,1706683052.0,28211213.0,1706683038.0,1706683068.0,1706683057.0,1706683060.0,3188.0,1706683068.0,1706683074.0,12.0,,51.0,30.0,6.0,12.0,160605089.0,3.0,9998.0,poseidon,condorpool,poseidon-worker-1-container-16-19,mrtV2,/opt/mrtV2/mrtV2,,0.1,0,0,,,,,,,,,
merged_netcdf2png_ID0000120,None,compute,0,1706682975.0,,,1706682987.0,1706683039.0,1706683051.0,24319190.4,1706683038.0,1706683068.0,1706683057.0,1706683060.0,6826.0,1706683068.0,1706683074.0,12.0,,51.0,30.0,6.0,12.0,160656166.0,3.0,21317.0,poseidon,condorpool,poseidon-worker-1-container-44-47,merged_netcdf2png,/opt/netcdf2png/merged_netcdf2png,,0.1,0,0,,,,,,,,,
mrtV2_ID0000088,None,compute,0,1706682975.0,,,1706682987.0,1706683039.0,1706683051.0,30324269.2,1706683038.0,1706683068.0,1706683056.0,1706683059.0,3018.0,1706683068.0,1706683074.0,12.0,,51.0,30.0,6.0,12.0,160605089.0,3.0,9612.0,poseidon,condorpool,poseidon-worker-2-container-8-11,mrtV2,/opt/mrtV2/mrtV2,,0.1,0,0,,,,,,,,,
merged_netcdf2png_ID0000098,None,compute,0,1706682975.0,,,1706682992.0,1706683041.0,1706683053.0,28793298.4,1706683039.0,1706683069.0,1706683058.0,1706683062.0,6825.0,1706683069.0,1706683074.0,17.0,,47.0,30.0,5.0,12.0,160656166.0,4.0,21715.0,poseidon,condorpool,poseidon-worker-1-container-32-35,merged_netcdf2png,/opt/netcdf2png/merged_netcdf2png,,0.1,0,0,,,,,,,,,
mrtV2_ID0000068,None,compute,0,1706682975.0,,,1706682992.0,1706683044.0,1706683055.0,31554059.2,1706683041.0,1706683074.0,1706683060.0,1706683063.0,3798.0,1706683074.0,1706683079.0,17.0,,49.0,33.0,5.0,11.0,160605089.0,3.0,11904.0,poseidon,condorpool,poseidon-worker-1-container-36-39,mrtV2,/opt/mrtV2/mrtV2,,0.1,0,0,,,,,,,,,
merged_netcdf2png_ID0000311,None,compute,0,1706682975.0,,,1706682992.0,1706683068.0,1706683079.0,31225672.0,1706683066.0,1706683094.0,1706683084.0,1706683088.0,6911.0,1706683094.0,1706683099.0,17.0,,74.0,28.0,5.0,11.0,160656166.0,4.0,21698.0,poseidon,condorpool,poseidon-worker-1-container-16-19,merged_netcdf2png,/opt/netcdf2png/merged_netcdf2png,,0.1,0,0,,,,,,,,,
merged_netcdf2png_ID0000305,None,compute,0,1706682975.0,,,1706682992.0,1706683068.0,1706683079.0,27419315.2,1706683066.0,1706683094.0,1706683085.0,1706683088.0,6878.0,1706683094.0,1706683099.0,17.0,,74.0,28.0,5.0,11.0,160656166.0,3.0,21742.0,poseidon,condorpool,poseidon-worker-2-container-36-39,merged_netcdf2png,/opt/netcdf2png/merged_netcdf2png,,0.1,0,0,,,,,,,,,
merged_netcdf2png_ID0000294,None,compute,0,1706682975.0,,,1706682992.0,1706683051.0,1706683062.0,30366940.2,1706683049.0,1706683079.0,1706683067.0,1706683071.0,6739.0,1706683079.0,1706683084.0,17.0,,57.0,30.0,5.0,11.0,160656166.0,4.0,22119.0,poseidon,condorpool,poseidon-worker-2-container-24-27,merged_netcdf2png,/opt/netcdf2png/merged_netcdf2png,,0.1,0,0,,,,,,,,,
mrtV2_ID0000256,None,compute,0,1706682975.0,,,1706682992.0,1706683050.0,1706683061.0,27621727.5,1706683048.0,1706683079.0,1706683066.0,1706683069.0,2590.0,1706683079.0,1706683084.0,17.0,,56.0,31.0,5.0,11.0,160605089.0,3.0,8391.0,poseidon,condorpool,poseidon-worker-2-container-8-11,mrtV2,/opt/mrtV2/mrtV2,,0.1,0,0,,,,,,,,,
merged_netcdf2png_ID0000295,None,compute,0,1706682975.0,,,1706682992.0,1706683050.0,1706683061.0,28346019.0,1706683048.0,1706683079.0,1706683066.0,1706683069.0,6712.0,1706683079.0,1706683084.0,17.0,,56.0,31.0,5.0,11.0,160656166.0,3.0,21712.0,poseidon,condorpool,poseidon-worker-2-container-4-7,merged_netcdf2png,/opt/netcdf2png/merged_netcdf2png,,0.1,0,0,,,,,,,,,
mrtV2_ID0000259,None,compute,0,1706682975.0,,,1706682992.0,1706683049.0,1706683060.0,28331242.0,1706683047.0,1706683079.0,1706683065.0,1706683068.0,3083.0,1706683079.0,1706683084.0,17.0,,55.0,32.0,5.0,11.0,160605089.0,3.0,10075.0,poseidon,condorpool,poseidon-worker-1-container-0-3,mrtV2,/opt/mrtV2/mrtV2,,0.0,0,0,,,,,,,,,
merged_netcdf2png_ID0000296,None,compute,0,1706682975.0,,,1706682992.0,1706683050.0,1706683061.0,28080705.5,1706683048.0,1706683079.0,1706683066.0,1706683070.0,6719.0,1706683079.0,1706683084.0,17.0,,56.0,31.0,5.0,11.0,160656166.0,4.0,21767.0,poseidon,condorpool,poseidon-worker-1-container-24-27,merged_netcdf2png,/opt/netcdf2png/merged_netcdf2png,,0.1,0,0,,,,,,,,,
mrtV2_ID0000258,None,compute,0,1706682975.0,,,1706682992.0,1706683049.0,1706683061.0,24880828.0,1706683047.0,1706683079.0,1706683066.0,1706683070.0,3065.0,1706683079.0,1706683084.0,17.0,,55.0,32.0,5.0,12.0,160605089.0,4.0,10050.0,poseidon,condorpool,poseidon-worker-2-container-36-39,mrtV2,/opt/mrtV2/mrtV2,,0.1,0,0,,,,,,,,,
merged_netcdf2png_ID0000290,None,compute,0,1706682975.0,,,1706682992.0,1706683050.0,1706683061.0,28671493.6,1706683048.0,1706683079.0,1706683067.0,1706683070.0,6796.0,1706683079.0,1706683084.0,17.0,,56.0,31.0,5.0,11.0,160656166.0,3.0,21901.0,poseidon,condorpool,poseidon-worker-2-container-44-47,merged_netcdf2png,/opt/netcdf2png/merged_netcdf2png,,0.1,0,0,,,,,,,,,
mrtV2_ID0000255,None,compute,0,1706682975.0,,,1706682992.0,1706683048.0,1706683059.0,27754197.5,1706683046.0,1706683074.0,1706683065.0,1706683068.0,2649.0,1706683074.0,1706683079.0,17.0,,54.0,28.0,5.0,11.0,160605089.0,3.0,8412.0,poseidon,condorpool,poseidon-worker-1-container-36-39,mrtV2,/opt/mrtV2/mrtV2,,0.1,0,0,,,,,,,,,
merged_netcdf2png_ID0000291,cpu_2,compute,0,1706682975.0,,,1706682992.0,1706683050.0,1706683061.0,28256225.4,1706683047.0,1706683079.0,1706683067.0,1706683070.0,6840.0,1706683079.0,1706683084.0,17.0,,55.0,32.0,5.0,11.0,160656166.0,3.0,22147.0,poseidon,condorpool,poseidon-worker-1-container-8-11,merged_netcdf2png,/opt/netcdf2png/merged_netcdf2png,,0.1,0,0,,,,,,,,,
mrtV2_ID0000254,None,compute,0,1706682975.0,,,1706682992.0,1706683049.0,1706683060.0,28164919.0,1706683047.0,1706683079.0,1706683065.0,1706683068.0,3411.0,1706683079.0,1706683084.0,17.0,,55.0,32.0,5.0,11.0,160605089.0,3.0,11243.0,poseidon,condorpool,poseidon-worker-1-container-28-31,mrtV2,/opt/mrtV2/mrtV2,,0.1,0,0,,,,,,,,,
merged_netcdf2png_ID0000292,None,compute,0,1706682975.0,,,1706682992.0,1706683049.0,1706683060.0,31644632.8,1706683047.0,1706683079.0,1706683065.0,1706683069.0,6644.0,1706683079.0,1706683084.0,17.0,,55.0,32.0,5.0,11.0,160656166.0,4.0,21967.0,poseidon,condorpool,poseidon-worker-2-container-4-7,merged_netcdf2png,/opt/netcdf2png/merged_netcdf2png,,0.1,0,0,,,,,,,,,
merged_netcdf2png_ID0000297,None,compute,0,1706682975.0,,,1706682992.0,1706683049.0,1706683060.0,29855307.6,1706683046.0,1706683074.0,1706683065.0,1706683068.0,6720.0,1706683074.0,1706683079.0,17.0,,54.0,28.0,5.0,11.0,160656166.0,3.0,21944.0,poseidon,condorpool,poseidon-worker-1-container-0-3,merged_netcdf2png,/opt/netcdf2png/merged_netcdf2png,,0.1,0,0,,,,,,,,,
merged_netcdf2png_ID0000298,cpu_2,compute,0,1706682975.0,,,1706682992.0,1706683049.0,1706683060.0,31225687.2,1706683046.0,1706683079.0,1706683065.0,1706683068.0,6642.0,1706683079.0,1706683084.0,17.0,,54.0,33.0,5.0,11.0,160656166.0,3.0,21765.0,poseidon,condorpool,poseidon-worker-2-container-28-31,merged_netcdf2png,/opt/netcdf2png/merged_netcdf2png,,0.1,0,0,,,,,,,,,
merged_netcdf2png_ID0000299,None,compute,0,1706682975.0,,,1706682992.0,1706683048.0,1706683059.0,28652793.6,1706683046.0,1706683074.0,1706683065.0,1706683068.0,6656.0,1706683074.0,1706683079.0,17.0,,54.0,28.0,5.0,11.0,160656166.0,3.0,21659.0,poseidon,condorpool,poseidon-worker-2-container-12-15,merged_netcdf2png,/opt/netcdf2png/merged_netcdf2png,,0.1,0,0,,,,,,,,,
merged_netcdf2png_ID0000285,cpu_2,compute,0,1706682975.0,,,1706682992.0,1706683050.0,1706683061.0,30773595.0,1706683046.0,1706683079.0,1706683066.0,1706683069.0,6746.0,1706683079.0,1706683084.0,17.0,,54.0,33.0,5.0,11.0,160656166.0,3.0,22228.0,poseidon,condorpool,poseidon-worker-1-container-20-23,merged_netcdf2png,/opt/netcdf2png/merged_netcdf2png,,0.1,0,0,,,,,,,,,
merged_netcdf2png_ID0000286,None,compute,0,1706682975.0,,,1706682992.0,1706683048.0,1706683059.0,27651492.0,1706683046.0,1706683074.0,1706683064.0,1706683068.0,6753.0,1706683074.0,1706683079.0,17.0,,54.0,28.0,5.0,11.0,160656166.0,4.0,22087.0,poseidon,condorpool,poseidon-worker-2-container-40-43,merged_netcdf2png,/opt/netcdf2png/merged_netcdf2png,,0.1,0,0,,,,,,,,,
merged_netcdf2png_ID0000287,cpu_2,compute,0,1706682975.0,,,1706682992.0,1706683049.0,1706683061.0,26805310.8,1706683046.0,1706683079.0,1706683066.0,1706683069.0,6725.0,1706683079.0,1706683084.0,17.0,,54.0,33.0,5.0,12.0,160656166.0,3.0,22115.0,poseidon,condorpool,poseidon-worker-1-container-8-11,merged_netcdf2png,/opt/netcdf2png/merged_netcdf2png,,0.1,0,0,,,,,,,,,
merged_netcdf2png_ID0000288,cpu_2,compute,0,1706682975.0,,,1706682992.0,1706683049.0,1706683059.0,27719986.0,1706683046.0,1706683074.0,1706683065.0,1706683068.0,6806.0,1706683074.0,1706683079.0,17.0,,54.0,28.0,5.0,10.0,160656166.0,3.0,22097.0,poseidon,condorpool,poseidon-worker-2-container-16-19,merged_netcdf2png,/opt/netcdf2png/merged_netcdf2png,,0.1,0,0,,,,,,,,,
merged_netcdf2png_ID0000289,None,compute,0,1706682975.0,,,1706682992.0,1706683049.0,1706683060.0,31149816.0,1706683046.0,1706683074.0,1706683065.0,1706683068.0,6628.0,1706683074.0,1706683079.0,17.0,,54.0,28.0,5.0,11.0,160656166.0,3.0,22030.0,poseidon,condorpool,poseidon-worker-2-container-40-43,merged_netcdf2png,/opt/netcdf2png/merged_netcdf2png,,0.1,0,0,,,,,,,,,
merged_netcdf2png_ID0000293,None,compute,0,1706682975.0,,,1706682992.0,1706683050.0,1706683061.0,27732774.0,1706683047.0,1706683079.0,1706683066.0,1706683069.0,6531.0,1706683079.0,1706683084.0,17.0,,55.0,32.0,5.0,11.0,160656166.0,3.0,21852.0,poseidon,condorpool,poseidon-worker-2-container-40-43,merged_netcdf2png,/opt/netcdf2png/merged_netcdf2png,,0.1,0,0,,,,,,,,,
mrtV2_ID0000257,None,compute,0,1706682975.0,,,1706682992.0,1706683051.0,1706683062.0,27043591.0,1706683049.0,1706683079.0,1706683067.0,1706683070.0,3157.0,1706683079.0,1706683084.0,17.0,,57.0,30.0,5.0,11.0,160605089.0,3.0,10042.0,poseidon,condorpool,poseidon-worker-2-container-0-3,mrtV2,/opt/mrtV2/mrtV2,,0.1,0,0,,,,,,,,,
mrtV2_ID0000261,None,compute,0,1706682975.0,,,1706682992.0,1706683051.0,1706683062.0,27599251.8,1706683049.0,1706683079.0,1706683068.0,1706683071.0,3328.0,1706683079.0,1706683084.0,17.0,,57.0,30.0,5.0,11.0,160605089.0,3.0,10674.0,poseidon,condorpool,poseidon-worker-2-container-44-47,mrtV2,/opt/mrtV2/mrtV2,,0.1,0,0,,,,,,,,,
mrtV2_ID0000262,None,compute,0,1706682975.0,,,1706682992.0,1706683050.0,1706683061.0,31776928.0,1706683048.0,1706683079.0,1706683066.0,1706683070.0,3148.0,1706683079.0,1706683084.0,17.0,,56.0,31.0,5.0,11.0,160605089.0,4.0,10286.0,poseidon,condorpool,poseidon-worker-2-container-20-23,mrtV2,/opt/mrtV2/mrtV2,,0.1,0,0,,,,,,,,,
merged_netcdf2png_ID0000306,None,compute,0,1706682975.0,,,1706682992.0,1706683067.0,1706683078.0,27748674.0,1706683065.0,1706683094.0,1706683084.0,1706683087.0,6778.0,1706683094.0,1706683099.0,17.0,,73.0,29.0,5.0,11.0,160656166.0,3.0,21545.0,poseidon,condorpool,poseidon-worker-2-container-40-43,merged_netcdf2png,/opt/netcdf2png/merged_netcdf2png,,0.1,0,0,,,,,,,,,
merged_netcdf2png_ID0000307,None,compute,0,1706682975.0,,,1706682992.0,1706683067.0,1706683078.0,27760893.0,1706683065.0,1706683094.0,1706683084.0,1706683087.0,6961.0,1706683094.0,1706683099.0,17.0,,73.0,29.0,5.0,11.0,160656166.0,3.0,21796.0,poseidon,condorpool,poseidon-worker-2-container-20-23,merged_netcdf2png,/opt/netcdf2png/merged_netcdf2png,,0.1,0,0,,,,,,,,,
merged_netcdf2png_ID0000308,None,compute,0,1706682975.0,,,1706682992.0,1706683068.0,1706683079.0,31984271.2,1706683066.0,1706683094.0,1706683085.0,1706683088.0,6840.0,1706683094.0,1706683099.0,17.0,,74.0,28.0,5.0,11.0,160656166.0,3.0,21631.0,poseidon,condorpool,poseidon-worker-2-container-8-11,merged_netcdf2png,/opt/netcdf2png/merged_netcdf2png,,0.1,0,0,,,,,,,,,
mrtV2_ID0000271,None,compute,0,1706682975.0,,,1706682992.0,1706683056.0,1706683067.0,31724438.2,1706683054.0,1706683084.0,1706683073.0,1706683076.0,3071.0,1706683084.0,1706683089.0,17.0,,62.0,30.0,5.0,11.0,160605089.0,3.0,9835.0,poseidon,condorpool,poseidon-worker-2-container-24-27,mrtV2,/opt/mrtV2/mrtV2,,0.1,0,0,,,,,,,,,
mrtV2_ID0000270,None,compute,0,1706682975.0,,,1706682992.0,1706683054.0,1706683065.0,28196422.0,1706683053.0,1706683084.0,1706683070.0,1706683074.0,3011.0,1706683084.0,1706683089.0,17.0,,61.0,31.0,5.0,11.0,160605089.0,4.0,9541.0,poseidon,condorpool,poseidon-worker-2-container-44-47,mrtV2,/opt/mrtV2/mrtV2,,0.0,0,0,,,,,,,,,
mrtV2_ID0000273,cpu_2,compute,0,1706682975.0,,,1706682992.0,1706683054.0,1706683065.0,27850711.0,1706683052.0,1706683084.0,1706683070.0,1706683074.0,3089.0,1706683084.0,1706683089.0,17.0,,60.0,32.0,5.0,11.0,160605089.0,4.0,9642.0,poseidon,condorpool,poseidon-worker-2-container-28-31,mrtV2,/opt/mrtV2/mrtV2,,0.0,0,0,,,,,,,,,
mrtV2_ID0000272,cpu_2,compute,0,1706682975.0,,,1706682992.0,1706683056.0,1706683067.0,28344681.5,1706683054.0,1706683084.0,1706683072.0,1706683075.0,2558.0,1706683084.0,1706683089.0,17.0,,62.0,30.0,5.0,11.0,160605089.0,3.0,8050.0,poseidon,condorpool,poseidon-worker-1-container-12-15,mrtV2,/opt/mrtV2/mrtV2,,0.0,0,0,,,,,,,,,
mrtV2_ID0000268,cpu_2,compute,0,1706682975.0,,,1706682992.0,1706683054.0,1706683065.0,30940231.0,1706683051.0,1706683084.0,1706683071.0,1706683074.0,3110.0,1706683084.0,1706683089.0,17.0,,59.0,33.0,5.0,11.0,160605089.0,3.0,10121.0,poseidon,condorpool,poseidon-worker-1-container-12-15,mrtV2,/opt/mrtV2/mrtV2,,0.1,0,0,,,,,,,,,
mrtV2_ID0000267,cpu_2,compute,0,1706682975.0,,,1706682992.0,1706683055.0,1706683066.0,28154495.5,1706683052.0,1706683084.0,1706683072.0,1706683075.0,3185.0,1706683084.0,1706683089.0,17.0,,60.0,32.0,5.0,11.0,160605089.0,3.0,10319.0,poseidon,condorpool,poseidon-worker-1-container-12-15,mrtV2,/opt/mrtV2/mrtV2,,0.1,0,0,,,,,,,,,
merged_netcdf2png_ID0000309,None,compute,0,1706682975.0,,,1706682992.0,1706683068.0,1706683079.0,27058670.8,1706683066.0,1706683094.0,1706683085.0,1706683088.0,6862.0,1706683094.0,1706683099.0,17.0,,74.0,28.0,5.0,11.0,160656166.0,3.0,21623.0,poseidon,condorpool,poseidon-worker-1-container-44-47,merged_netcdf2png,/opt/netcdf2png/merged_netcdf2png,,0.1,0,0,,,,,,,,,
mrtV2_ID0000269,cpu_2,compute,0,1706682975.0,,,1706682992.0,1706683054.0,1706683064.0,27117231.0,1706683051.0,1706683079.0,1706683070.0,1706683073.0,3103.0,1706683079.0,1706683084.0,17.0,,59.0,28.0,5.0,10.0,160605089.0,3.0,9771.0,poseidon,condorpool,poseidon-worker-1-container-12-15,mrtV2,/opt/mrtV2/mrtV2,,0.0,0,0,,,,,,,,,
mrtV2_ID0000263,cpu_2,compute,0,1706682975.0,,,1706682992.0,1706683053.0,1706683063.0,30856454.8,1706683050.0,1706683079.0,1706683069.0,1706683072.0,3116.0,1706683079.0,1706683084.0,17.0,,58.0,29.0,5.0,10.0,160605089.0,3.0,9953.0,poseidon,condorpool,poseidon-worker-2-container-28-31,mrtV2,/opt/mrtV2/mrtV2,,0.0,0,0,,,,,,,,,
mrtV2_ID0000266,None,compute,0,1706682975.0,,,1706682992.0,1706683051.0,1706683062.0,27776117.0,1706683049.0,1706683079.0,1706683067.0,1706683070.0,3107.0,1706683079.0,1706683084.0,17.0,,57.0,30.0,5.0,11.0,160605089.0,3.0,10522.0,poseidon,condorpool,poseidon-worker-1-container-40-43,mrtV2,/opt/mrtV2/mrtV2,,0.1,0,0,,,,,,,,,
mrtV2_ID0000265,None,compute,0,1706682975.0,,,1706682992.0,1706683051.0,1706683062.0,27863186.5,1706683049.0,1706683079.0,1706683067.0,1706683070.0,3009.0,1706683079.0,1706683084.0,17.0,,57.0,30.0,5.0,11.0,160605089.0,3.0,9939.0,poseidon,condorpool,poseidon-worker-1-container-24-27,mrtV2,/opt/mrtV2/mrtV2,,0.1,0,0,,,,,,,,,
merged_netcdf2png_ID0000301,None,compute,0,1706682975.0,,,1706682992.0,1706683052.0,1706683063.0,30911167.0,1706683049.0,1706683079.0,1706683068.0,1706683071.0,6771.0,1706683079.0,1706683084.0,17.0,,57.0,30.0,5.0,11.0,160656166.0,3.0,21779.0,poseidon,condorpool,poseidon-worker-1-container-24-27,merged_netcdf2png,/opt/netcdf2png/merged_netcdf2png,,0.1,0,0,,,,,,,,,
merged_netcdf2png_ID0000302,None,compute,0,1706682975.0,,,1706682992.0,1706683052.0,1706683063.0,27635816.0,1706683050.0,1706683079.0,1706683068.0,1706683072.0,6755.0,1706683079.0,1706683084.0,17.0,,58.0,29.0,5.0,11.0,160656166.0,4.0,21729.0,poseidon,condorpool,poseidon-worker-1-container-24-27,merged_netcdf2png,/opt/netcdf2png/merged_netcdf2png,,0.1,0,0,,,,,,,,,
merged_netcdf2png_ID0000303,None,compute,0,1706682975.0,,,1706682992.0,1706683052.0,1706683063.0,31360079.0,1706683050.0,1706683079.0,1706683069.0,1706683072.0,6728.0,1706683079.0,1706683084.0,17.0,,58.0,29.0,5.0,11.0,160656166.0,3.0,21830.0,poseidon,condorpool,poseidon-worker-2-container-24-27,merged_netcdf2png,/opt/netcdf2png/merged_netcdf2png,,0.1,0,0,,,,,,,,,
merged_netcdf2png_ID0000304,None,compute,0,1706682975.0,,,1706682992.0,1706683050.0,1706683061.0,29733358.4,1706683048.0,1706683079.0,1706683067.0,1706683070.0,6719.0,1706683079.0,1706683084.0,17.0,,56.0,31.0,5.0,11.0,160656166.0,3.0,21594.0,poseidon,condorpool,poseidon-worker-1-container-4-7,merged_netcdf2png,/opt/netcdf2png/merged_netcdf2png,,0.1,0,0,,,,,,,,,
merged_netcdf2png_ID0000300,cpu_2,compute,0,1706682975.0,,,1706682992.0,1706683051.0,1706683062.0,30526130.2,1706683049.0,1706683079.0,1706683068.0,1706683071.0,6681.0,1706683079.0,1706683084.0,17.0,,57.0,30.0,5.0,11.0,160656166.0,3.0,21561.0,poseidon,condorpool,poseidon-worker-2-container-16-19,merged_netcdf2png,/opt/netcdf2png/merged_netcdf2png,,0.1,0,0,,,,,,,,,
mrtV2_ID0000260,None,compute,0,1706682975.0,,,1706682992.0,1706683052.0,1706683062.0,28493083.5,1706683049.0,1706683079.0,1706683068.0,1706683071.0,3264.0,1706683079.0,1706683084.0,17.0,,57.0,30.0,5.0,10.0,160605089.0,3.0,10680.0,poseidon,condorpool,poseidon-worker-2-container-44-47,mrtV2,/opt/mrtV2/mrtV2,,0.1,0,0,,,,,,,,,
mrtV2_ID0000264,None,compute,0,1706682975.0,,,1706682992.0,1706683053.0,1706683064.0,28500701.5,1706683051.0,1706683079.0,1706683069.0,1706683072.0,3359.0,1706683079.0,1706683084.0,17.0,,59.0,28.0,5.0,11.0,160605089.0,3.0,10463.0,poseidon,condorpool,poseidon-worker-2-container-24-27,mrtV2,/opt/mrtV2/mrtV2,,0.1,0,0,,,,,,,,,
mrtV2_ID0000065,None,compute,0,1706682975.0,,,1706682992.0,1706683043.0,1706683060.0,14862492.4,1706683041.0,1706683074.0,1706683065.0,1706683068.0,3763.0,1706683074.0,1706683079.0,17.0,,49.0,33.0,5.0,17.0,160605089.0,3.0,12002.0,poseidon,condorpool,poseidon-worker-2-container-4-7,mrtV2,/opt/mrtV2/mrtV2,,0.0,0,0,,,,,,,,,
mrtV2_ID0000093,None,compute,0,1706682975.0,,,1706682987.0,1706683040.0,1706683051.0,31660527.8,1706683038.0,1706683068.0,1706683057.0,1706683060.0,2888.0,1706683068.0,1706683074.0,12.0,,51.0,30.0,6.0,11.0,160605089.0,3.0,8980.0,poseidon,condorpool,poseidon-worker-2-container-36-39,mrtV2,/opt/mrtV2/mrtV2,,0.0,0,0,,,,,,,,,
mrtV2_ID0000069,None,compute,0,1706682975.0,,,1706682992.0,1706683044.0,1706683055.0,30974306.4,1706683042.0,1706683074.0,1706683060.0,1706683063.0,3634.0,1706683074.0,1706683079.0,17.0,,50.0,32.0,5.0,11.0,160605089.0,3.0,11366.0,poseidon,condorpool,poseidon-worker-1-container-32-35,mrtV2,/opt/mrtV2/mrtV2,,0.0,0,0,,,,,,,,,
mrtV2_ID0000014,None,compute,0,1706682975.0,,,1706682980.0,1706682991.0,1706683002.0,32056967.0,1706682988.0,1706683018.0,1706683007.0,1706683010.0,2989.0,1706683018.0,1706683023.0,5.0,,8.0,30.0,5.0,11.0,160605089.0,3.0,9668.0,poseidon,condorpool,poseidon-worker-1-container-16-19,mrtV2,/opt/mrtV2/mrtV2,,0.1,0,0,,,,,,,,,
mrtV2_ID0000066,None,compute,0,1706682975.0,,,1706682992.0,1706683044.0,1706683055.0,26766777.6,1706683041.0,1706683074.0,1706683060.0,1706683064.0,3775.0,1706683074.0,1706683079.0,17.0,,49.0,33.0,5.0,11.0,160605089.0,4.0,12030.0,poseidon,condorpool,poseidon-worker-2-container-12-15,mrtV2,/opt/mrtV2/mrtV2,,0.1,0,0,,,,,,,,,
merged_netcdf2png_ID0000053,None,compute,0,1706682975.0,,,1706682980.0,1706682985.0,1706683001.0,17045464.4,1706682983.0,1706683018.0,1706683006.0,1706683009.0,6696.0,1706683018.0,1706683023.0,5.0,,3.0,35.0,5.0,16.0,160656166.0,3.0,21704.0,poseidon,condorpool,poseidon-worker-1-container-28-31,merged_netcdf2png,/opt/netcdf2png/merged_netcdf2png,,0.1,0,0,,,,,,,,,
mrtV2_ID0000017,None,compute,0,1706682975.0,,,1706682980.0,1706682992.0,1706683002.0,28102598.0,1706682989.0,1706683018.0,1706683007.0,1706683011.0,2961.0,1706683018.0,1706683023.0,5.0,,9.0,29.0,5.0,10.0,160605089.0,4.0,9504.0,poseidon,condorpool,poseidon-worker-1-container-24-27,mrtV2,/opt/mrtV2/mrtV2,,0.1,0,0,,,,,,,,,
merged_netcdf2png_ID0000054,None,compute,0,1706682975.0,,,1706682980.0,1706682985.0,1706683004.0,12041028.5,1706682983.0,1706683023.0,1706683010.0,1706683013.0,6734.0,1706683023.0,1706683028.0,5.0,,3.0,40.0,5.0,19.0,160656166.0,3.0,21694.0,poseidon,condorpool,poseidon-worker-1-container-0-3,merged_netcdf2png,/opt/netcdf2png/merged_netcdf2png,,0.1,0,0,,,,,,,,,
mrtV2_ID0000016,None,compute,0,1706682975.0,,,1706682980.0,1706682985.0,1706682997.0,25202265.7,1706682982.0,1706683013.0,1706683002.0,1706683005.0,2907.0,1706683013.0,1706683018.0,5.0,,2.0,31.0,5.0,12.0,160605089.0,3.0,9471.0,poseidon,condorpool,poseidon-worker-1-container-32-35,mrtV2,/opt/mrtV2/mrtV2,,0.0,0,0,,,,,,,,,
mrtV2_ID0000011,None,compute,0,1706682975.0,,,1706682980.0,1706682985.0,1706682997.0,22851799.7,1706682983.0,1706683013.0,1706683003.0,1706683006.0,3130.0,1706683014.0,1706683018.0,5.0,,3.0,30.0,4.0,12.0,160605089.0,3.0,10303.0,poseidon,condorpool,poseidon-worker-2-container-4-7,mrtV2,/opt/mrtV2/mrtV2,,0.1,0,0,,,,,,,,,
mrtV2_ID0000010,cpu_2,compute,0,1706682975.0,,,1706682980.0,1706682993.0,1706683004.0,30301234.4,1706682989.0,1706683023.0,1706683009.0,1706683013.0,3232.0,1706683023.0,1706683028.0,5.0,,9.0,34.0,5.0,11.0,160605089.0,4.0,10298.0,poseidon,condorpool,poseidon-worker-1-container-12-15,mrtV2,/opt/mrtV2/mrtV2,,0.0,0,0,,,,,,,,,
mrtV2_ID0000013,None,compute,0,1706682975.0,,,1706682980.0,1706682985.0,1706682997.0,25250330.0,1706682982.0,1706683013.0,1706683002.0,1706683005.0,3014.0,1706683013.0,1706683018.0,5.0,,2.0,31.0,5.0,12.0,160605089.0,3.0,9561.0,poseidon,condorpool,poseidon-worker-2-container-12-15,mrtV2,/opt/mrtV2/mrtV2,,0.1,0,0,,,,,,,,,
merged_netcdf2png_ID0000050,None,compute,0,1706682975.0,,,1706682980.0,1706682984.0,1706682995.0,31167498.6,1706682982.0,1706683013.0,1706683000.0,1706683004.0,6965.0,1706683013.0,1706683018.0,5.0,,2.0,31.0,5.0,11.0,160656166.0,4.0,21840.0,poseidon,condorpool,poseidon-worker-2-container-20-23,merged_netcdf2png,/opt/netcdf2png/merged_netcdf2png,,0.1,0,0,,,,,,,,,
mrtV2_ID0000012,cpu_2,compute,0,1706682975.0,,,1706682980.0,1706682987.0,1706682999.0,24468732.2,1706682984.0,1706683018.0,1706683004.0,1706683008.0,3102.0,1706683018.0,1706683023.0,5.0,,4.0,34.0,5.0,12.0,160605089.0,4.0,10139.0,poseidon,condorpool,poseidon-worker-1-container-8-11,mrtV2,/opt/mrtV2/mrtV2,,0.0,0,0,,,,,,,,,
merged_netcdf2png_ID0000059,None,compute,0,1706682975.0,,,1706682980.0,1706682991.0,1706683007.0,16520705.9,1706682988.0,1706683023.0,1706683012.0,1706683015.0,6862.0,1706683023.0,1706683028.0,5.0,,8.0,35.0,5.0,16.0,160656166.0,3.0,21352.0,poseidon,condorpool,poseidon-worker-2-container-24-27,merged_netcdf2png,/opt/netcdf2png/merged_netcdf2png,,0.1,0,0,,,,,,,,,
mrtV2_ID0000019,cpu_2,compute,0,1706682975.0,,,1706682980.0,1706682986.0,1706682999.0,24803093.3,1706682982.0,1706683013.0,1706683004.0,1706683007.0,3185.0,1706683014.0,1706683018.0,5.0,,2.0,31.0,4.0,13.0,160605089.0,3.0,10113.0,poseidon,condorpool,poseidon-worker-1-container-20-23,mrtV2,/opt/mrtV2/mrtV2,,0.0,0,0,,,,,,,,,
merged_netcdf2png_ID0000055,None,compute,0,1706682975.0,,,1706682980.0,1706682984.0,1706682995.0,29682536.6,1706682982.0,1706683013.0,1706683000.0,1706683004.0,6688.0,1706683013.0,1706683018.0,5.0,,2.0,31.0,5.0,11.0,160656166.0,4.0,21348.0,poseidon,condorpool,poseidon-worker-2-container-36-39,merged_netcdf2png,/opt/netcdf2png/merged_netcdf2png,,0.1,0,0,,,,,,,,,
mrtV2_ID0000018,None,compute,0,1706682975.0,,,1706682980.0,1706682985.0,1706682998.0,24163774.3,1706682983.0,1706683013.0,1706683003.0,1706683006.0,2977.0,1706683014.0,1706683018.0,5.0,,3.0,30.0,4.0,13.0,160605089.0,3.0,9619.0,poseidon,condorpool,poseidon-worker-1-container-40-43,mrtV2,/opt/mrtV2/mrtV2,,0.1,0,0,,,,,,,,,
merged_netcdf2png_ID0000056,None,compute,0,1706682975.0,,,1706682980.0,1706682984.0,1706682996.0,28781075.8,1706682982.0,1706683013.0,1706683001.0,1706683004.0,6792.0,1706683013.0,1706683018.0,5.0,,2.0,31.0,5.0,12.0,160656166.0,3.0,21304.0,poseidon,condorpool,poseidon-worker-2-container-0-3,merged_netcdf2png,/opt/netcdf2png/merged_netcdf2png,,0.1,0,0,,,,,,,,,
merged_netcdf2png_ID0000057,None,compute,0,1706682975.0,,,1706682980.0,1706682986.0,1706683000.0,18941633.0,1706682984.0,1706683018.0,1706683006.0,1706683009.0,6485.0,1706683018.0,1706683023.0,5.0,,4.0,34.0,5.0,14.0,160656166.0,3.0,21172.0,poseidon,condorpool,poseidon-worker-1-container-4-7,merged_netcdf2png,/opt/netcdf2png/merged_netcdf2png,,0.1,0,0,,,,,,,,,
merged_netcdf2png_ID0000058,None,compute,0,1706682975.0,,,1706682980.0,1706682984.0,1706682996.0,25740448.2,1706682982.0,1706683013.0,1706683001.0,1706683004.0,6764.0,1706683013.0,1706683018.0,5.0,,2.0,31.0,5.0,12.0,160656166.0,3.0,21360.0,poseidon,condorpool,poseidon-worker-1-container-36-39,merged_netcdf2png,/opt/netcdf2png/merged_netcdf2png,,0.1,0,0,,,,,,,,,
merged_netcdf2png_ID0000040,None,compute,0,1706682975.0,,,1706682980.0,1706682991.0,1706683003.0,24190962.0,1706682989.0,1706683018.0,1706683009.0,1706683012.0,6810.0,1706683019.0,1706683023.0,5.0,,9.0,29.0,4.0,12.0,160656166.0,3.0,21932.0,poseidon,condorpool,poseidon-worker-1-container-24-27,merged_netcdf2png,/opt/netcdf2png/merged_netcdf2png,,0.1,0,0,,,,,,,,,
mrtV2_ID0000015,None,compute,0,1706682975.0,,,1706682980.0,1706682991.0,1706683002.0,31302306.4,1706682989.0,1706683018.0,1706683008.0,1706683011.0,3274.0,1706683019.0,1706683023.0,5.0,,9.0,29.0,4.0,11.0,160605089.0,3.0,10511.0,poseidon,condorpool,poseidon-worker-1-container-36-39,mrtV2,/opt/mrtV2/mrtV2,,0.1,0,0,,,,,,,,,
merged_netcdf2png_ID0000051,None,compute,0,1706682975.0,,,1706682980.0,1706682989.0,1706683000.0,27425990.0,1706682987.0,1706683018.0,1706683006.0,1706683009.0,6675.0,1706683018.0,1706683023.0,5.0,,7.0,31.0,5.0,11.0,160656166.0,3.0,21364.0,poseidon,condorpool,poseidon-worker-1-container-4-7,merged_netcdf2png,/opt/netcdf2png/merged_netcdf2png,,0.1,0,0,,,,,,,,,
mrtV2_ID0000020,None,compute,0,1706682975.0,,,1706682980.0,1706682990.0,1706683001.0,27239770.5,1706682988.0,1706683018.0,1706683007.0,1706683010.0,2923.0,1706683018.0,1706683023.0,5.0,,8.0,30.0,5.0,11.0,160605089.0,3.0,9743.0,poseidon,condorpool,poseidon-worker-2-container-0-3,mrtV2,/opt/mrtV2/mrtV2,,0.0,0,0,,,,,,,,,
mrtV2_ID0000029,None,compute,0,1706682975.0,,,1706682980.0,1706682986.0,1706682998.0,25540811.6,1706682983.0,1706683013.0,1706683003.0,1706683006.0,2656.0,1706683014.0,1706683018.0,5.0,,3.0,30.0,4.0,12.0,160605089.0,3.0,8617.0,poseidon,condorpool,poseidon-worker-2-container-36-39,mrtV2,/opt/mrtV2/mrtV2,,0.1,0,0,,,,,,,,,
merged_netcdf2png_ID0000038,None,compute,0,1706682975.0,,,1706682980.0,1706682985.0,1706682997.0,24089691.3,1706682982.0,1706683013.0,1706683003.0,1706683006.0,6715.0,1706683014.0,1706683018.0,5.0,,2.0,31.0,4.0,12.0,160656166.0,3.0,21892.0,poseidon,condorpool,poseidon-worker-1-container-28-31,merged_netcdf2png,/opt/netcdf2png/merged_netcdf2png,,0.1,0,0,,,,,,,,,
merged_netcdf2png_ID0000039,None,compute,0,1706682975.0,,,1706682980.0,1706682992.0,1706683004.0,27300494.8,1706682990.0,1706683018.0,1706683009.0,1706683012.0,6922.0,1706683019.0,1706683023.0,5.0,,10.0,28.0,4.0,12.0,160656166.0,3.0,21874.0,poseidon,condorpool,poseidon-worker-1-container-24-27,merged_netcdf2png,/opt/netcdf2png/merged_netcdf2png,,0.1,0,0,,,,,,,,,
merged_netcdf2png_ID0000033,cpu_2,compute,0,1706682975.0,,,1706682980.0,1706682987.0,1706682999.0,25656635.0,1706682982.0,1706683018.0,1706683005.0,1706683008.0,6746.0,1706683018.0,1706683023.0,5.0,,2.0,36.0,5.0,12.0,160656166.0,3.0,22108.0,poseidon,condorpool,poseidon-worker-1-container-8-11,merged_netcdf2png,/opt/netcdf2png/merged_netcdf2png,,0.1,0,0,,,,,,,,,
merged_netcdf2png_ID0000034,None,compute,0,1706682975.0,,,1706682980.0,1706682987.0,1706682999.0,28699635.2,1706682985.0,1706683013.0,1706683004.0,1706683007.0,6874.0,1706683014.0,1706683018.0,5.0,,5.0,28.0,4.0,12.0,160656166.0,3.0,22169.0,poseidon,condorpool,poseidon-worker-1-container-4-7,merged_netcdf2png,/opt/netcdf2png/merged_netcdf2png,,0.1,0,0,,,,,,,,,
merged_netcdf2png_ID0000035,None,compute,0,1706682975.0,,,1706682980.0,1706682988.0,1706682999.0,28116834.4,1706682986.0,1706683018.0,1706683005.0,1706683008.0,6825.0,1706683018.0,1706683023.0,5.0,,6.0,32.0,5.0,11.0,160656166.0,3.0,22174.0,poseidon,condorpool,poseidon-worker-2-container-32-35,merged_netcdf2png,/opt/netcdf2png/merged_netcdf2png,,0.1,0,0,,,,,,,,,
merged_netcdf2png_ID0000036,None,compute,0,1706682975.0,,,1706682980.0,1706682988.0,1706683000.0,26266269.4,1706682986.0,1706683018.0,1706683005.0,1706683009.0,6763.0,1706683018.0,1706683023.0,5.0,,6.0,32.0,5.0,12.0,160656166.0,4.0,22180.0,poseidon,condorpool,poseidon-worker-1-container-0-3,merged_netcdf2png,/opt/netcdf2png/merged_netcdf2png,,0.1,0,0,,,,,,,,,
mrtV2_ID0000031,None,compute,0,1706682975.0,,,1706682980.0,1706682991.0,1706683001.0,28429728.0,1706682988.0,1706683018.0,1706683007.0,1706683010.0,2005.0,1706683018.0,1706683023.0,5.0,,8.0,30.0,5.0,10.0,160605089.0,3.0,6566.0,poseidon,condorpool,poseidon-worker-2-container-44-47,mrtV2,/opt/mrtV2/mrtV2,,0.0,0,0,,,,,,,,,
mrtV2_ID0000030,None,compute,0,1706682975.0,,,1706682980.0,1706682985.0,1706683002.0,14134958.6,1706682983.0,1706683018.0,1706683007.0,1706683010.0,2404.0,1706683018.0,1706683023.0,5.0,,3.0,35.0,5.0,17.0,160605089.0,3.0,7667.0,poseidon,condorpool,poseidon-worker-2-container-40-43,mrtV2,/opt/mrtV2/mrtV2,,0.1,0,0,,,,,,,,,
merged_netcdf2png_ID0000062,None,compute,0,1706682975.0,,,1706682980.0,1706682988.0,1706682999.0,31079481.2,1706682986.0,1706683018.0,1706683005.0,1706683008.0,6526.0,1706683018.0,1706683023.0,5.0,,6.0,32.0,5.0,11.0,160656166.0,3.0,21225.0,poseidon,condorpool,poseidon-worker-1-container-44-47,merged_netcdf2png,/opt/netcdf2png/merged_netcdf2png,,0.1,0,0,,,,,,,,,
mrtV2_ID0000004,None,compute,0,1706682975.0,,,1706682980.0,1706682985.0,1706682997.0,25633117.8,1706682982.0,1706683013.0,1706683002.0,1706683005.0,3406.0,1706683013.0,1706683018.0,5.0,,2.0,31.0,5.0,12.0,160605089.0,3.0,10779.0,poseidon,condorpool,poseidon-worker-1-container-28-31,mrtV2,/opt/mrtV2/mrtV2,,0.0,0,0,,,,,,,,,
mrtV2_ID0000026,cpu_2,compute,0,1706682975.0,,,1706682980.0,1706682992.0,1706683003.0,28551950.5,1706682988.0,1706683018.0,1706683008.0,1706683011.0,3073.0,1706683019.0,1706683023.0,5.0,,8.0,30.0,4.0,11.0,160605089.0,3.0,9907.0,poseidon,condorpool,poseidon-worker-2-container-28-31,mrtV2,/opt/mrtV2/mrtV2,,0.0,0,0,,,,,,,,,
merged_netcdf2png_ID0000063,None,compute,0,1706682975.0,,,1706682980.0,1706682985.0,1706683003.0,13679961.7,1706682983.0,1706683018.0,1706683008.0,1706683012.0,6790.0,1706683019.0,1706683023.0,5.0,,3.0,35.0,4.0,18.0,160656166.0,4.0,21489.0,poseidon,condorpool,poseidon-worker-2-container-8-11,merged_netcdf2png,/opt/netcdf2png/merged_netcdf2png,,0.1,0,0,,,,,,,,,
mrtV2_ID0000028,None,compute,0,1706682975.0,,,1706682980.0,1706682984.0,1706682997.0,22384810.1,1706682982.0,1706683013.0,1706683003.0,1706683006.0,2352.0,1706683014.0,1706683018.0,5.0,,2.0,31.0,4.0,13.0,160605089.0,3.0,7661.0,poseidon,condorpool,poseidon-worker-1-container-40-43,mrtV2,/opt/mrtV2/mrtV2,,0.1,0,0,,,,,,,,,
mrtV2_ID0000027,None,compute,0,1706682975.0,,,1706682980.0,1706682986.0,1706683004.0,13974712.5,1706682984.0,1706683018.0,1706683009.0,1706683012.0,2677.0,1706683019.0,1706683023.0,5.0,,4.0,34.0,4.0,18.0,160605089.0,3.0,8680.0,poseidon,condorpool,poseidon-worker-2-container-4-7,mrtV2,/opt/mrtV2/mrtV2,,0.0,0,0,,,,,,,,,
mrtV2_ID0000022,None,compute,0,1706682975.0,,,1706682980.0,1706682986.0,1706683001.0,17714300.4,1706682983.0,1706683018.0,1706683006.0,1706683009.0,3125.0,1706683018.0,1706683023.0,5.0,,3.0,35.0,5.0,15.0,160605089.0,3.0,10396.0,poseidon,condorpool,poseidon-worker-2-container-20-23,mrtV2,/opt/mrtV2/mrtV2,,0.1,0,0,,,,,,,,,
mrtV2_ID0000021,cpu_2,compute,0,1706682975.0,,,1706682980.0,1706682993.0,1706683003.0,27986455.5,1706682989.0,1706683018.0,1706683009.0,1706683012.0,2951.0,1706683019.0,1706683023.0,5.0,,9.0,29.0,4.0,10.0,160605089.0,3.0,9452.0,poseidon,condorpool,poseidon-worker-1-container-12-15,mrtV2,/opt/mrtV2/mrtV2,,0.0,0,0,,,,,,,,,
mrtV2_ID0000024,None,compute,0,1706682975.0,,,1706682980.0,1706682991.0,1706683002.0,27240426.8,1706682989.0,1706683018.0,1706683008.0,1706683011.0,2921.0,1706683018.0,1706683023.0,5.0,,9.0,29.0,5.0,11.0,160605089.0,3.0,9250.0,poseidon,condorpool,poseidon-worker-2-container-24-27,mrtV2,/opt/mrtV2/mrtV2,,0.0,0,0,,,,,,,,,
merged_netcdf2png_ID0000060,cpu_2,compute,0,1706682975.0,,,1706682980.0,1706682985.0,1706682997.0,26324083.6,1706682982.0,1706683013.0,1706683002.0,1706683006.0,6634.0,1706683013.0,1706683018.0,5.0,,2.0,31.0,5.0,12.0,160656166.0,4.0,21434.0,poseidon,condorpool,poseidon-worker-1-container-8-11,merged_netcdf2png,/opt/netcdf2png/merged_netcdf2png,,0.1,0,0,,,,,,,,,
mrtV2_ID0000023,cpu_2,compute,0,1706682975.0,,,1706682980.0,1706682987.0,1706682999.0,25390529.4,1706682982.0,1706683013.0,1706683004.0,1706683007.0,2861.0,1706683014.0,1706683018.0,5.0,,2.0,31.0,4.0,12.0,160605089.0,3.0,9260.0,poseidon,condorpool,poseidon-worker-1-container-20-23,mrtV2,/opt/mrtV2/mrtV2,,0.0,0,0,,,,,,,,,
merged_netcdf2png_ID0000061,None,compute,0,1706682975.0,,,1706682980.0,1706682985.0,1706682999.0,19925439.2,1706682983.0,1706683018.0,1706683004.0,1706683008.0,6521.0,1706683018.0,1706683023.0,5.0,,3.0,35.0,5.0,14.0,160656166.0,4.0,21550.0,poseidon,condorpool,poseidon-worker-2-container-12-15,merged_netcdf2png,/opt/netcdf2png/merged_netcdf2png,,0.1,0,0,,,,,,,,,
mrtV2_ID0000025,cpu_2,compute,0,1706682975.0,,,1706682980.0,1706682989.0,1706682999.0,31785518.4,1706682986.0,1706683018.0,1706683005.0,1706683008.0,2716.0,1706683018.0,1706683023.0,5.0,,6.0,32.0,5.0,10.0,160605089.0,3.0,8678.0,poseidon,condorpool,poseidon-worker-2-container-16-19,mrtV2,/opt/mrtV2/mrtV2,,0.0,0,0,,,,,,,,,
mrtV2_ID0000003,None,compute,0,1706682975.0,,,1706682980.0,1706682984.0,1706682996.0,26535882.3,1706682982.0,1706683013.0,1706683002.0,1706683005.0,3398.0,1706683013.0,1706683018.0,5.0,,2.0,31.0,5.0,12.0,160605089.0,3.0,10803.0,poseidon,condorpool,poseidon-worker-1-container-32-35,mrtV2,/opt/mrtV2/mrtV2,,0.1,0,0,,,,,,,,,
merged_netcdf2png_ID0000052,None,compute,0,1706682975.0,,,1706682980.0,1706682989.0,1706683000.0,26855553.0,1706682987.0,1706683018.0,1706683006.0,1706683009.0,6674.0,1706683018.0,1706683023.0,5.0,,7.0,31.0,5.0,11.0,160656166.0,3.0,21674.0,poseidon,condorpool,poseidon-worker-2-container-32-35,merged_netcdf2png,/opt/netcdf2png/merged_netcdf2png,,0.1,0,0,,,,,,,,,
mrtV2_ID0000006,None,compute,0,1706682975.0,,,1706682980.0,1706682984.0,1706683000.0,16106304.6,1706682982.0,1706683018.0,1706683005.0,1706683009.0,3335.0,1706683018.0,1706683023.0,5.0,,2.0,36.0,5.0,16.0,160605089.0,4.0,10784.0,poseidon,condorpool,poseidon-worker-1-container-0-3,mrtV2,/opt/mrtV2/mrtV2,,0.0,0,0,,,,,,,,,
mrtV2_ID0000079,None,compute,0,1706682975.0,,,1706682992.0,1706683047.0,1706683058.0,27623812.5,1706683045.0,1706683074.0,1706683064.0,1706683067.0,2590.0,1706683074.0,1706683079.0,17.0,,53.0,29.0,5.0,11.0,160605089.0,3.0,8252.0,poseidon,condorpool,poseidon-worker-1-container-16-19,mrtV2,/opt/mrtV2/mrtV2,,0.0,0,0,,,,,,,,,
mrtV2_ID0000078,None,compute,0,1706682975.0,,,1706682992.0,1706683047.0,1706683057.0,27233534.5,1706683044.0,1706683074.0,1706683063.0,1706683066.0,3710.0,1706683074.0,1706683079.0,17.0,,52.0,30.0,5.0,10.0,160605089.0,3.0,11674.0,poseidon,condorpool,poseidon-worker-1-container-0-3,mrtV2,/opt/mrtV2/mrtV2,,0.1,0,0,,,,,,,,,
merged_netcdf2png_ID0000114,None,compute,0,1706682975.0,,,1706682992.0,1706683046.0,1706683057.0,31736108.4,1706683044.0,1706683074.0,1706683063.0,1706683066.0,6755.0,1706683074.0,1706683079.0,17.0,,52.0,30.0,5.0,11.0,160656166.0,3.0,21382.0,poseidon,condorpool,poseidon-worker-2-container-32-35,merged_netcdf2png,/opt/netcdf2png/merged_netcdf2png,,0.1,0,0,,,,,,,,,
merged_netcdf2png_ID0000115,None,compute,0,1706682975.0,,,1706682992.0,1706683047.0,1706683059.0,28818640.6,1706683045.0,1706683074.0,1706683064.0,1706683067.0,6827.0,1706683074.0,1706683079.0,17.0,,53.0,29.0,5.0,12.0,160656166.0,3.0,21640.0,poseidon,condorpool,poseidon-worker-1-container-0-3,merged_netcdf2png,/opt/netcdf2png/merged_netcdf2png,,0.1,0,0,,,,,,,,,
merged_netcdf2png_ID0000116,cpu_2,compute,0,1706682975.0,,,1706682992.0,1706683047.0,1706683058.0,29935206.8,1706683044.0,1706683074.0,1706683064.0,1706683067.0,6742.0,1706683074.0,1706683079.0,17.0,,52.0,30.0,5.0,11.0,160656166.0,3.0,21632.0,poseidon,condorpool,poseidon-worker-1-container-20-23,merged_netcdf2png,/opt/netcdf2png/merged_netcdf2png,,0.1,0,0,,,,,,,,,
merged_netcdf2png_ID0000117,None,compute,0,1706682975.0,,,1706682992.0,1706683047.0,1706683058.0,27052919.0,1706683045.0,1706683074.0,1706683063.0,1706683066.0,6849.0,1706683074.0,1706683079.0,17.0,,53.0,29.0,5.0,11.0,160656166.0,3.0,21581.0,poseidon,condorpool,poseidon-worker-1-container-44-47,merged_netcdf2png,/opt/netcdf2png/merged_netcdf2png,,0.1,0,0,,,,,,,,,
merged_netcdf2png_ID0000110,None,compute,0,1706682975.0,,,1706682992.0,1706683046.0,1706683057.0,30329719.2,1706683044.0,1706683074.0,1706683062.0,1706683065.0,6877.0,1706683074.0,1706683079.0,17.0,,52.0,30.0,5.0,11.0,160656166.0,3.0,21790.0,poseidon,condorpool,poseidon-worker-2-container-12-15,merged_netcdf2png,/opt/netcdf2png/merged_netcdf2png,,0.1,0,0,,,,,,,,,
merged_netcdf2png_ID0000111,None,compute,0,1706682975.0,,,1706682992.0,1706683046.0,1706683058.0,25596629.0,1706683044.0,1706683074.0,1706683063.0,1706683066.0,6748.0,1706683074.0,1706683079.0,17.0,,52.0,30.0,5.0,12.0,160656166.0,3.0,21604.0,poseidon,condorpool,poseidon-worker-1-container-28-31,merged_netcdf2png,/opt/netcdf2png/merged_netcdf2png,,0.1,0,0,,,,,,,,,
merged_netcdf2png_ID0000112,cpu_2,compute,0,1706682975.0,,,1706682992.0,1706683047.0,1706683058.0,26856835.0,1706683045.0,1706683074.0,1706683063.0,1706683067.0,6730.0,1706683074.0,1706683079.0,17.0,,53.0,29.0,5.0,11.0,160656166.0,4.0,21632.0,poseidon,condorpool,poseidon-worker-2-container-28-31,merged_netcdf2png,/opt/netcdf2png/merged_netcdf2png,,0.1,0,0,,,,,,,,,
merged_netcdf2png_ID0000113,None,compute,0,1706682975.0,,,1706682992.0,1706683046.0,1706683057.0,26815785.5,1706683043.0,1706683074.0,1706683062.0,1706683065.0,6879.0,1706683074.0,1706683079.0,17.0,,51.0,31.0,5.0,11.0,160656166.0,3.0,21646.0,poseidon,condorpool,poseidon-worker-2-container-32-35,merged_netcdf2png,/opt/netcdf2png/merged_netcdf2png,,0.1,0,0,,,,,,,,,
merged_netcdf2png_ID0000107,cpu_2,compute,0,1706682975.0,,,1706682992.0,1706683046.0,1706683057.0,28951180.4,1706683043.0,1706683074.0,1706683062.0,1706683065.0,6901.0,1706683074.0,1706683079.0,17.0,,51.0,31.0,5.0,11.0,160656166.0,3.0,21844.0,poseidon,condorpool,poseidon-worker-2-container-16-19,merged_netcdf2png,/opt/netcdf2png/merged_netcdf2png,,0.1,0,0,,,,,,,,,
merged_netcdf2png_ID0000108,None,compute,0,1706682975.0,,,1706682992.0,1706683047.0,1706683058.0,27657738.0,1706683045.0,1706683074.0,1706683063.0,1706683066.0,6754.0,1706683074.0,1706683079.0,17.0,,53.0,29.0,5.0,11.0,160656166.0,3.0,21528.0,poseidon,condorpool,poseidon-worker-1-container-32-35,merged_netcdf2png,/opt/netcdf2png/merged_netcdf2png,,0.1,0,0,,,,,,,,,
merged_netcdf2png_ID0000109,None,compute,0,1706682975.0,,,1706682992.0,1706683045.0,1706683056.0,28283805.4,1706683043.0,1706683074.0,1706683062.0,1706683065.0,6916.0,1706683074.0,1706683079.0,17.0,,51.0,31.0,5.0,11.0,160656166.0,3.0,21889.0,poseidon,condorpool,poseidon-worker-1-container-40-43,merged_netcdf2png,/opt/netcdf2png/merged_netcdf2png,,0.1,0,0,,,,,,,,,
mrtV2_ID0000073,None,compute,0,1706682975.0,,,1706682992.0,1706683044.0,1706683057.0,23313620.3,1706683042.0,1706683074.0,1706683062.0,1706683065.0,3299.0,1706683074.0,1706683079.0,17.0,,50.0,32.0,5.0,13.0,160605089.0,3.0,10247.0,poseidon,condorpool,poseidon-worker-1-container-44-47,mrtV2,/opt/mrtV2/mrtV2,,0.1,0,0,,,,,,,,,
mrtV2_ID0000072,None,compute,0,1706682975.0,,,1706682992.0,1706683044.0,1706683056.0,27726457.4,1706683042.0,1706683074.0,1706683061.0,1706683064.0,3452.0,1706683074.0,1706683079.0,17.0,,50.0,32.0,5.0,12.0,160605089.0,3.0,11210.0,poseidon,condorpool,poseidon-worker-1-container-40-43,mrtV2,/opt/mrtV2/mrtV2,,0.1,0,0,,,,,,,,,
merged_netcdf2png_ID0000041,None,compute,0,1706682975.0,,,1706682980.0,1706682984.0,1706682995.0,28615410.8,1706682982.0,1706683013.0,1706683001.0,1706683004.0,6899.0,1706683013.0,1706683018.0,5.0,,2.0,31.0,5.0,11.0,160656166.0,3.0,21894.0,poseidon,condorpool,poseidon-worker-1-container-16-19,merged_netcdf2png,/opt/netcdf2png/merged_netcdf2png,,0.1,0,0,,,,,,,,,
mrtV2_ID0000074,cpu_2,compute,0,1706682975.0,,,1706682992.0,1706683044.0,1706683062.0,13977294.3,1706683042.0,1706683079.0,1706683067.0,1706683070.0,3572.0,1706683079.0,1706683084.0,17.0,,50.0,37.0,5.0,18.0,160605089.0,3.0,11373.0,poseidon,condorpool,poseidon-worker-1-container-8-11,mrtV2,/opt/mrtV2/mrtV2,,0.0,0,0,,,,,,,,,
mrtV2_ID0000071,None,compute,0,1706682975.0,,,1706682992.0,1706683044.0,1706683056.0,21820510.3,1706683042.0,1706683074.0,1706683062.0,1706683065.0,3214.0,1706683074.0,1706683079.0,17.0,,50.0,32.0,5.0,12.0,160605089.0,3.0,10072.0,poseidon,condorpool,poseidon-worker-2-container-0-3,mrtV2,/opt/mrtV2/mrtV2,,0.0,0,0,,,,,,,,,
mrtV2_ID0000070,None,compute,0,1706682975.0,,,1706682992.0,1706683044.0,1706683055.0,30154191.2,1706683043.0,1706683074.0,1706683061.0,1706683064.0,3652.0,1706683074.0,1706683079.0,17.0,,51.0,31.0,5.0,11.0,160605089.0,3.0,11595.0,poseidon,condorpool,poseidon-worker-2-container-36-39,mrtV2,/opt/mrtV2/mrtV2,,0.1,0,0,,,,,,,,,
mrtV2_ID0000076,None,compute,0,1706682975.0,,,1706682992.0,1706683046.0,1706683058.0,25396059.2,1706683044.0,1706683074.0,1706683063.0,1706683067.0,3486.0,1706683074.0,1706683079.0,17.0,,52.0,30.0,5.0,12.0,160605089.0,4.0,11084.0,poseidon,condorpool,poseidon-worker-2-container-4-7,mrtV2,/opt/mrtV2/mrtV2,,0.1,0,0,,,,,,,,,
mrtV2_ID0000077,cpu_2,compute,0,1706682975.0,,,1706682992.0,1706683049.0,1706683060.0,29320849.6,1706683045.0,1706683079.0,1706683066.0,1706683069.0,2671.0,1706683079.0,1706683084.0,17.0,,53.0,34.0,5.0,11.0,160605089.0,3.0,8741.0,poseidon,condorpool,poseidon-worker-1-container-20-23,mrtV2,/opt/mrtV2/mrtV2,,0.0,0,0,,,,,,,,,
mrtV2_ID0000075,None,compute,0,1706682975.0,,,1706682992.0,1706683044.0,1706683055.0,28785654.8,1706683042.0,1706683074.0,1706683061.0,1706683064.0,3142.0,1706683074.0,1706683079.0,17.0,,50.0,32.0,5.0,11.0,160605089.0,3.0,9985.0,poseidon,condorpool,poseidon-worker-1-container-4-7,mrtV2,/opt/mrtV2/mrtV2,,0.0,0,0,,,,,,,,,
mrtV2_ID0000082,None,compute,0,1706682975.0,,,1706682992.0,1706683047.0,1706683059.0,28784229.8,1706683045.0,1706683074.0,1706683064.0,1706683067.0,3529.0,1706683074.0,1706683079.0,17.0,,53.0,29.0,5.0,12.0,160605089.0,3.0,11234.0,poseidon,condorpool,poseidon-worker-1-container-16-19,mrtV2,/opt/mrtV2/mrtV2,,0.1,0,0,,,,,,,,,
mrtV2_ID0000081,None,compute,0,1706682975.0,,,1706682992.0,1706683047.0,1706683059.0,23618237.0,1706683045.0,1706683074.0,1706683065.0,1706683068.0,3012.0,1706683074.0,1706683079.0,17.0,,53.0,29.0,5.0,12.0,160605089.0,3.0,9561.0,poseidon,condorpool,poseidon-worker-1-container-4-7,mrtV2,/opt/mrtV2/mrtV2,,0.0,0,0,,,,,,,,,
merged_netcdf2png_ID0000042,None,compute,0,1706682975.0,,,1706682980.0,1706682984.0,1706682997.0,23812103.7,1706682982.0,1706683013.0,1706683002.0,1706683005.0,6872.0,1706683013.0,1706683018.0,5.0,,2.0,31.0,5.0,13.0,160656166.0,3.0,21762.0,poseidon,condorpool,poseidon-worker-2-container-32-35,merged_netcdf2png,/opt/netcdf2png/merged_netcdf2png,,0.1,0,0,,,,,,,,,
mrtV2_ID0000005,cpu_2,compute,0,1706682975.0,,,1706682980.0,1706682991.0,1706683001.0,31848923.0,1706682988.0,1706683018.0,1706683007.0,1706683010.0,3627.0,1706683018.0,1706683023.0,5.0,,8.0,30.0,5.0,10.0,160605089.0,3.0,11624.0,poseidon,condorpool,poseidon-worker-2-container-28-31,mrtV2,/opt/mrtV2/mrtV2,,0.0,0,0,,,,,,,,,
merged_netcdf2png_ID0000043,None,compute,0,1706682975.0,,,1706682980.0,1706682990.0,1706683001.0,30099782.4,1706682987.0,1706683018.0,1706683006.0,1706683009.0,6603.0,1706683018.0,1706683023.0,5.0,,7.0,31.0,5.0,11.0,160656166.0,3.0,21746.0,poseidon,condorpool,poseidon-worker-2-container-44-47,merged_netcdf2png,/opt/netcdf2png/merged_netcdf2png,,0.2,0,0,,,,,,,,,
mrtV2_ID0000002,None,compute,0,1706682975.0,,,1706682980.0,1706682985.0,1706682997.0,24319997.0,1706682983.0,1706683013.0,1706683003.0,1706683006.0,3319.0,1706683014.0,1706683018.0,5.0,,3.0,30.0,4.0,12.0,160605089.0,3.0,10782.0,poseidon,condorpool,poseidon-worker-2-container-8-11,mrtV2,/opt/mrtV2/mrtV2,,0.0,0,0,,,,,,,,,
merged_netcdf2png_ID0000049,None,compute,0,1706682975.0,,,1706682980.0,1706682984.0,1706682995.0,27744086.0,1706682982.0,1706683013.0,1706683001.0,1706683004.0,6766.0,1706683013.0,1706683018.0,5.0,,2.0,31.0,5.0,11.0,160656166.0,3.0,21639.0,poseidon,condorpool,poseidon-worker-1-container-44-47,merged_netcdf2png,/opt/netcdf2png/merged_netcdf2png,,0.1,0,0,,,,,,,,,
merged_netcdf2png_ID0000044,cpu_2,compute,0,1706682975.0,,,1706682980.0,1706682986.0,1706683001.0,16501750.0,1706682984.0,1706683018.0,1706683007.0,1706683010.0,6885.0,1706683018.0,1706683023.0,5.0,,4.0,34.0,5.0,15.0,160656166.0,3.0,21787.0,poseidon,condorpool,poseidon-worker-2-container-16-19,merged_netcdf2png,/opt/netcdf2png/merged_netcdf2png,,0.1,0,0,,,,,,,,,
mrtV2_ID0000008,cpu_2,compute,0,1706682975.0,,,1706682980.0,1706682991.0,1706683002.0,27214398.0,1706682987.0,1706683018.0,1706683007.0,1706683010.0,2766.0,1706683018.0,1706683023.0,5.0,,7.0,31.0,5.0,11.0,160605089.0,3.0,8750.0,poseidon,condorpool,poseidon-worker-2-container-28-31,mrtV2,/opt/mrtV2/mrtV2,,0.0,0,0,,,,,,,,,
mrtV2_ID0000007,None,compute,0,1706682975.0,,,1706682980.0,1706682983.0,1706682994.0,27735200.5,1706682981.0,1706683013.0,1706683000.0,1706683003.0,2735.0,1706683013.0,1706683018.0,5.0,,1.0,32.0,5.0,11.0,160605089.0,3.0,8969.0,poseidon,condorpool,poseidon-worker-2-container-40-43,mrtV2,/opt/mrtV2/mrtV2,,0.0,0,0,,,,,,,,,
merged_netcdf2png_ID0000045,cpu_2,compute,0,1706682975.0,,,1706682980.0,1706682984.0,1706682995.0,30450558.2,1706682982.0,1706683013.0,1706683000.0,1706683003.0,6758.0,1706683013.0,1706683018.0,5.0,,2.0,31.0,5.0,11.0,160656166.0,3.0,21458.0,poseidon,condorpool,poseidon-worker-2-container-16-19,merged_netcdf2png,/opt/netcdf2png/merged_netcdf2png,,0.1,0,0,,,,,,,,,
merged_netcdf2png_ID0000048,None,compute,0,1706682975.0,,,1706682980.0,1706682990.0,1706683001.0,30851966.0,1706682988.0,1706683018.0,1706683006.0,1706683010.0,6568.0,1706683018.0,1706683023.0,5.0,,8.0,30.0,5.0,11.0,160656166.0,4.0,21427.0,poseidon,condorpool,poseidon-worker-2-container-40-43,merged_netcdf2png,/opt/netcdf2png/merged_netcdf2png,,0.1,0,0,,,,,,,,,
mrtV2_ID0000009,None,compute,0,1706682975.0,,,1706682980.0,1706682983.0,1706682995.0,30303499.2,1706682982.0,1706683013.0,1706683000.0,1706683003.0,3251.0,1706683013.0,1706683018.0,5.0,,2.0,31.0,5.0,12.0,160605089.0,3.0,10114.0,poseidon,condorpool,poseidon-worker-2-container-8-11,mrtV2,/opt/mrtV2/mrtV2,,0.1,0,0,,,,,,,,,
merged_netcdf2png_ID0000047,None,compute,0,1706682975.0,,,1706682980.0,1706682984.0,1706682995.0,30965706.6,1706682982.0,1706683013.0,1706683000.0,1706683003.0,6857.0,1706683013.0,1706683018.0,5.0,,2.0,31.0,5.0,11.0,160656166.0,3.0,21699.0,poseidon,condorpool,poseidon-worker-1-container-44-47,merged_netcdf2png,/opt/netcdf2png/merged_netcdf2png,,0.1,0,0,,,,,,,,,
merged_netcdf2png_ID0000118,None,compute,0,1706682975.0,,,1706682992.0,1706683050.0,1706683061.0,25382159.6,1706683047.0,1706683079.0,1706683067.0,1706683070.0,6683.0,1706683079.0,1706683084.0,17.0,,55.0,32.0,5.0,11.0,160656166.0,3.0,21605.0,poseidon,condorpool,poseidon-worker-2-container-8-11,merged_netcdf2png,/opt/netcdf2png/merged_netcdf2png,,0.1,0,0,,,,,,,,,
merged_netcdf2png_ID0000119,cpu_2,compute,0,1706682975.0,,,1706682992.0,1706683048.0,1706683059.0,26454963.8,1706683046.0,1706683074.0,1706683065.0,1706683068.0,6458.0,1706683074.0,1706683079.0,17.0,,54.0,28.0,5.0,11.0,160656166.0,3.0,21230.0,poseidon,condorpool,poseidon-worker-1-container-8-11,merged_netcdf2png,/opt/netcdf2png/merged_netcdf2png,,0.1,0,0,,,,,,,,,
mrtV2_ID0000084,None,compute,0,1706682975.0,,,1706682992.0,1706683048.0,1706683060.0,25217752.3,1706683046.0,1706683079.0,1706683065.0,1706683068.0,3154.0,1706683079.0,1706683084.0,17.0,,54.0,33.0,5.0,12.0,160605089.0,3.0,10133.0,poseidon,condorpool,poseidon-worker-1-container-16-19,mrtV2,/opt/mrtV2/mrtV2,,0.0,0,0,,,,,,,,,
mrtV2_ID0000083,None,compute,0,1706682975.0,,,1706682992.0,1706683048.0,1706683059.0,30957842.6,1706683045.0,1706683074.0,1706683064.0,1706683067.0,3127.0,1706683074.0,1706683079.0,17.0,,53.0,29.0,5.0,11.0,160605089.0,3.0,10101.0,poseidon,condorpool,poseidon-worker-2-container-0-3,mrtV2,/opt/mrtV2/mrtV2,,0.1,0,0,,,,,,,,,
mrtV2_ID0000086,None,compute,0,1706682975.0,,,1706682992.0,1706683049.0,1706683060.0,24149398.0,1706683046.0,1706683079.0,1706683066.0,1706683069.0,2855.0,1706683079.0,1706683084.0,17.0,,54.0,33.0,5.0,11.0,160605089.0,3.0,9170.0,poseidon,condorpool,poseidon-worker-2-container-32-35,mrtV2,/opt/mrtV2/mrtV2,,0.1,0,0,,,,,,,,,
mrtV2_ID0000085,None,compute,0,1706682975.0,,,1706682992.0,1706683047.0,1706683058.0,30100547.6,1706683045.0,1706683074.0,1706683064.0,1706683067.0,3390.0,1706683074.0,1706683079.0,17.0,,53.0,29.0,5.0,11.0,160605089.0,3.0,10680.0,poseidon,condorpool,poseidon-worker-1-container-4-7,mrtV2,/opt/mrtV2/mrtV2,,0.0,0,0,,,,,,,,,
merged_netcdf2png_ID0000046,None,compute,0,1706682975.0,,,1706682980.0,1706682988.0,1706682999.0,27830487.6,1706682986.0,1706683018.0,1706683005.0,1706683008.0,6756.0,1706683018.0,1706683023.0,5.0,,6.0,32.0,5.0,11.0,160656166.0,3.0,21645.0,poseidon,condorpool,poseidon-worker-2-container-44-47,merged_netcdf2png,/opt/netcdf2png/merged_netcdf2png,,0.1,0,0,,,,,,,,,
mrtV2_ID0000080,cpu_2,compute,0,1706682975.0,,,1706682992.0,1706683049.0,1706683060.0,24481343.4,1706683045.0,1706683079.0,1706683066.0,1706683069.0,2702.0,1706683079.0,1706683084.0,17.0,,53.0,34.0,5.0,11.0,160605089.0,3.0,8681.0,poseidon,condorpool,poseidon-worker-1-container-20-23,mrtV2,/opt/mrtV2/mrtV2,,0.0,0,0,,,,,,,,,
stage_out_local_condorpool_1_37,None,transfer,0,1706683109.0,,,1706683115.0,,,0.0,1706683115.0,1706683120.0,,,0.0,1706683120.0,1706683125.0,6.0,,0.0,5.0,5.0,,,,,poseidon,local,poseidon-submit,pegasus::transfer,/mnt/poseidon-data/poseidon/pegasus-5.1.0panorama/bin/pegasus-transfer,/home/poseidon/pegasus-5.1.0panorama/bin/../bin/pegasus-kickstart  -n pegasus::transfer -N null -i - -R local  -L casa-nowcast-small -T 2024-01-31T00:08:22+00:00 /home/poseidon/pegasus-5.1.0panorama/bin/../bin/pegasus-transfer  --threads 2,1.1,0,0,,,,,,,,,
stage_out_local_condorpool_1_0,None,transfer,0,1706683109.0,,,1706683135.0,,,0.0,1706683135.0,1706683140.0,,,0.0,1706683140.0,1706683145.0,26.0,,0.0,5.0,5.0,,,,,poseidon,local,poseidon-submit,pegasus::transfer,/mnt/poseidon-data/poseidon/pegasus-5.1.0panorama/bin/pegasus-transfer,/home/poseidon/pegasus-5.1.0panorama/bin/../bin/pegasus-kickstart  -n pegasus::transfer -N null -i - -R local  -L casa-nowcast-small -T 2024-01-31T00:08:22+00:00 /home/poseidon/pegasus-5.1.0panorama/bin/../bin/pegasus-transfer  --threads 2,1.1,0,0,,,,,,,,,
stage_out_local_condorpool_1_1,None,transfer,0,1706683109.0,,,1706683145.0,,,0.0,1706683145.0,1706683150.0,,,0.0,1706683150.0,1706683155.0,36.0,,0.0,5.0,5.0,,,,,poseidon,local,poseidon-submit,pegasus::transfer,/mnt/poseidon-data/poseidon/pegasus-5.1.0panorama/bin/pegasus-transfer,/home/poseidon/pegasus-5.1.0panorama/bin/../bin/pegasus-kickstart  -n pegasus::transfer -N null -i - -R local  -L casa-nowcast-small -T 2024-01-31T00:08:22+00:00 /home/poseidon/pegasus-5.1.0panorama/bin/../bin/pegasus-transfer  --threads 2,1.1,0,0,,,,,,,,,
stage_out_local_condorpool_1_2,None,transfer,0,1706683109.0,,,1706683135.0,,,0.0,1706683135.0,1706683140.0,,,0.0,1706683140.0,1706683145.0,26.0,,0.0,5.0,5.0,,,,,poseidon,local,poseidon-submit,pegasus::transfer,/mnt/poseidon-data/poseidon/pegasus-5.1.0panorama/bin/pegasus-transfer,/home/poseidon/pegasus-5.1.0panorama/bin/../bin/pegasus-kickstart  -n pegasus::transfer -N null -i - -R local  -L casa-nowcast-small -T 2024-01-31T00:08:22+00:00 /home/poseidon/pegasus-5.1.0panorama/bin/../bin/pegasus-transfer  --threads 2,1.2,0,0,,,,,,,,,
stage_out_local_condorpool_1_3,None,transfer,0,1706683109.0,,,1706683145.0,,,0.0,1706683145.0,1706683150.0,,,0.0,1706683150.0,1706683155.0,36.0,,0.0,5.0,5.0,,,,,poseidon,local,poseidon-submit,pegasus::transfer,/mnt/poseidon-data/poseidon/pegasus-5.1.0panorama/bin/pegasus-transfer,/home/poseidon/pegasus-5.1.0panorama/bin/../bin/pegasus-kickstart  -n pegasus::transfer -N null -i - -R local  -L casa-nowcast-small -T 2024-01-31T00:08:22+00:00 /home/poseidon/pegasus-5.1.0panorama/bin/../bin/pegasus-transfer  --threads 2,1.1,0,0,,,,,,,,,
stage_out_local_condorpool_1_12,None,transfer,0,1706683109.0,,,1706683135.0,,,0.0,1706683135.0,1706683140.0,,,0.0,1706683140.0,1706683145.0,26.0,,0.0,5.0,5.0,,,,,poseidon,local,poseidon-submit,pegasus::transfer,/mnt/poseidon-data/poseidon/pegasus-5.1.0panorama/bin/pegasus-transfer,/home/poseidon/pegasus-5.1.0panorama/bin/../bin/pegasus-kickstart  -n pegasus::transfer -N null -i - -R local  -L casa-nowcast-small -T 2024-01-31T00:08:22+00:00 /home/poseidon/pegasus-5.1.0panorama/bin/../bin/pegasus-transfer  --threads 2,1.1,0,0,,,,,,,,,
stage_out_local_condorpool_1_6,None,transfer,0,1706683109.0,,,1706683145.0,,,0.0,1706683145.0,1706683150.0,,,0.0,1706683150.0,1706683155.0,36.0,,0.0,5.0,5.0,,,,,poseidon,local,poseidon-submit,pegasus::transfer,/mnt/poseidon-data/poseidon/pegasus-5.1.0panorama/bin/pegasus-transfer,/home/poseidon/pegasus-5.1.0panorama/bin/../bin/pegasus-kickstart  -n pegasus::transfer -N null -i - -R local  -L casa-nowcast-small -T 2024-01-31T00:08:22+00:00 /home/poseidon/pegasus-5.1.0panorama/bin/../bin/pegasus-transfer  --threads 2,1.1,0,0,,,,,,,,,
stage_out_local_condorpool_1_7,None,transfer,0,1706683109.0,,,1706683145.0,,,0.0,1706683145.0,1706683150.0,,,0.0,1706683150.0,1706683155.0,36.0,,0.0,5.0,5.0,,,,,poseidon,local,poseidon-submit,pegasus::transfer,/mnt/poseidon-data/poseidon/pegasus-5.1.0panorama/bin/pegasus-transfer,/home/poseidon/pegasus-5.1.0panorama/bin/../bin/pegasus-kickstart  -n pegasus::transfer -N null -i - -R local  -L casa-nowcast-small -T 2024-01-31T00:08:22+00:00 /home/poseidon/pegasus-5.1.0panorama/bin/../bin/pegasus-transfer  --threads 2,1.1,0,0,,,,,,,,,
stage_out_local_condorpool_1_10,None,transfer,0,1706683109.0,,,1706683145.0,,,0.0,1706683145.0,1706683150.0,,,0.0,1706683150.0,1706683155.0,36.0,,0.0,5.0,5.0,,,,,poseidon,local,poseidon-submit,pegasus::transfer,/mnt/poseidon-data/poseidon/pegasus-5.1.0panorama/bin/pegasus-transfer,/home/poseidon/pegasus-5.1.0panorama/bin/../bin/pegasus-kickstart  -n pegasus::transfer -N null -i - -R local  -L casa-nowcast-small -T 2024-01-31T00:08:22+00:00 /home/poseidon/pegasus-5.1.0panorama/bin/../bin/pegasus-transfer  --threads 2,1.1,0,0,,,,,,,,,
stage_out_local_condorpool_1_13,None,transfer,0,1706683109.0,,,1706683145.0,,,0.0,1706683145.0,1706683150.0,,,0.0,1706683150.0,1706683155.0,36.0,,0.0,5.0,5.0,,,,,poseidon,local,poseidon-submit,pegasus::transfer,/mnt/poseidon-data/poseidon/pegasus-5.1.0panorama/bin/pegasus-transfer,/home/poseidon/pegasus-5.1.0panorama/bin/../bin/pegasus-kickstart  -n pegasus::transfer -N null -i - -R local  -L casa-nowcast-small -T 2024-01-31T00:08:22+00:00 /home/poseidon/pegasus-5.1.0panorama/bin/../bin/pegasus-transfer  --threads 2,1.1,0,0,,,,,,,,,
stage_out_local_condorpool_1_36,None,transfer,0,1706683109.0,,,1706683115.0,,,0.0,1706683115.0,1706683120.0,,,0.0,1706683120.0,1706683125.0,6.0,,0.0,5.0,5.0,,,,,poseidon,local,poseidon-submit,pegasus::transfer,/mnt/poseidon-data/poseidon/pegasus-5.1.0panorama/bin/pegasus-transfer,/home/poseidon/pegasus-5.1.0panorama/bin/../bin/pegasus-kickstart  -n pegasus::transfer -N null -i - -R local  -L casa-nowcast-small -T 2024-01-31T00:08:22+00:00 /home/poseidon/pegasus-5.1.0panorama/bin/../bin/pegasus-transfer  --threads 2,1.0,0,0,,,,,,,,,
stage_out_local_condorpool_1_15,None,transfer,0,1706683109.0,,,1706683135.0,,,0.0,1706683135.0,1706683140.0,,,0.0,1706683140.0,1706683145.0,26.0,,0.0,5.0,5.0,,,,,poseidon,local,poseidon-submit,pegasus::transfer,/mnt/poseidon-data/poseidon/pegasus-5.1.0panorama/bin/pegasus-transfer,/home/poseidon/pegasus-5.1.0panorama/bin/../bin/pegasus-kickstart  -n pegasus::transfer -N null -i - -R local  -L casa-nowcast-small -T 2024-01-31T00:08:22+00:00 /home/poseidon/pegasus-5.1.0panorama/bin/../bin/pegasus-transfer  --threads 2,1.1,0,0,,,,,,,,,
stage_out_local_condorpool_1_5,None,transfer,0,1706683109.0,,,1706683145.0,,,0.0,1706683145.0,1706683150.0,,,0.0,1706683150.0,1706683155.0,36.0,,0.0,5.0,5.0,,,,,poseidon,local,poseidon-submit,pegasus::transfer,/mnt/poseidon-data/poseidon/pegasus-5.1.0panorama/bin/pegasus-transfer,/home/poseidon/pegasus-5.1.0panorama/bin/../bin/pegasus-kickstart  -n pegasus::transfer -N null -i - -R local  -L casa-nowcast-small -T 2024-01-31T00:08:22+00:00 /home/poseidon/pegasus-5.1.0panorama/bin/../bin/pegasus-transfer  --threads 2,1.1,0,0,,,,,,,,,
stage_out_local_condorpool_1_35,None,transfer,0,1706683109.0,,,1706683135.0,,,0.0,1706683135.0,1706683140.0,,,0.0,1706683140.0,1706683145.0,26.0,,0.0,5.0,5.0,,,,,poseidon,local,poseidon-submit,pegasus::transfer,/mnt/poseidon-data/poseidon/pegasus-5.1.0panorama/bin/pegasus-transfer,/home/poseidon/pegasus-5.1.0panorama/bin/../bin/pegasus-kickstart  -n pegasus::transfer -N null -i - -R local  -L casa-nowcast-small -T 2024-01-31T00:08:22+00:00 /home/poseidon/pegasus-5.1.0panorama/bin/../bin/pegasus-transfer  --threads 2,1.1,0,0,,,,,,,,,
stage_out_local_condorpool_1_28,None,transfer,0,1706683109.0,,,1706683115.0,,,0.0,1706683115.0,1706683120.0,,,0.0,1706683120.0,1706683125.0,6.0,,0.0,5.0,5.0,,,,,poseidon,local,poseidon-submit,pegasus::transfer,/mnt/poseidon-data/poseidon/pegasus-5.1.0panorama/bin/pegasus-transfer,/home/poseidon/pegasus-5.1.0panorama/bin/../bin/pegasus-kickstart  -n pegasus::transfer -N null -i - -R local  -L casa-nowcast-small -T 2024-01-31T00:08:22+00:00 /home/poseidon/pegasus-5.1.0panorama/bin/../bin/pegasus-transfer  --threads 2,1.1,0,0,,,,,,,,,
stage_out_local_condorpool_1_33,None,transfer,0,1706683109.0,,,1706683115.0,,,0.0,1706683115.0,1706683120.0,,,0.0,1706683120.0,1706683125.0,6.0,,0.0,5.0,5.0,,,,,poseidon,local,poseidon-submit,pegasus::transfer,/mnt/poseidon-data/poseidon/pegasus-5.1.0panorama/bin/pegasus-transfer,/home/poseidon/pegasus-5.1.0panorama/bin/../bin/pegasus-kickstart  -n pegasus::transfer -N null -i - -R local  -L casa-nowcast-small -T 2024-01-31T00:08:22+00:00 /home/poseidon/pegasus-5.1.0panorama/bin/../bin/pegasus-transfer  --threads 2,1.1,0,0,,,,,,,,,
stage_out_local_condorpool_1_32,None,transfer,0,1706683109.0,,,1706683115.0,,,0.0,1706683115.0,1706683120.0,,,0.0,1706683120.0,1706683125.0,6.0,,0.0,5.0,5.0,,,,,poseidon,local,poseidon-submit,pegasus::transfer,/mnt/poseidon-data/poseidon/pegasus-5.1.0panorama/bin/pegasus-transfer,/home/poseidon/pegasus-5.1.0panorama/bin/../bin/pegasus-kickstart  -n pegasus::transfer -N null -i - -R local  -L casa-nowcast-small -T 2024-01-31T00:08:22+00:00 /home/poseidon/pegasus-5.1.0panorama/bin/../bin/pegasus-transfer  --threads 2,1.1,0,0,,,,,,,,,
stage_out_local_condorpool_1_31,None,transfer,0,1706683109.0,,,1706683115.0,,,0.0,1706683115.0,1706683120.0,,,0.0,1706683120.0,1706683125.0,6.0,,0.0,5.0,5.0,,,,,poseidon,local,poseidon-submit,pegasus::transfer,/mnt/poseidon-data/poseidon/pegasus-5.1.0panorama/bin/pegasus-transfer,/home/poseidon/pegasus-5.1.0panorama/bin/../bin/pegasus-kickstart  -n pegasus::transfer -N null -i - -R local  -L casa-nowcast-small -T 2024-01-31T00:08:22+00:00 /home/poseidon/pegasus-5.1.0panorama/bin/../bin/pegasus-transfer  --threads 2,1.1,0,0,,,,,,,,,
stage_out_local_condorpool_1_29,None,transfer,0,1706683109.0,,,1706683115.0,,,0.0,1706683115.0,1706683120.0,,,0.0,1706683120.0,1706683125.0,6.0,,0.0,5.0,5.0,,,,,poseidon,local,poseidon-submit,pegasus::transfer,/mnt/poseidon-data/poseidon/pegasus-5.1.0panorama/bin/pegasus-transfer,/home/poseidon/pegasus-5.1.0panorama/bin/../bin/pegasus-kickstart  -n pegasus::transfer -N null -i - -R local  -L casa-nowcast-small -T 2024-01-31T00:08:22+00:00 /home/poseidon/pegasus-5.1.0panorama/bin/../bin/pegasus-transfer  --threads 2,1.1,0,0,,,,,,,,,
stage_out_local_condorpool_1_27,None,transfer,0,1706683109.0,,,1706683135.0,,,0.0,1706683135.0,1706683140.0,,,0.0,1706683140.0,1706683145.0,26.0,,0.0,5.0,5.0,,,,,poseidon,local,poseidon-submit,pegasus::transfer,/mnt/poseidon-data/poseidon/pegasus-5.1.0panorama/bin/pegasus-transfer,/home/poseidon/pegasus-5.1.0panorama/bin/../bin/pegasus-kickstart  -n pegasus::transfer -N null -i - -R local  -L casa-nowcast-small -T 2024-01-31T00:08:22+00:00 /home/poseidon/pegasus-5.1.0panorama/bin/../bin/pegasus-transfer  --threads 2,1.2,0,0,,,,,,,,,
stage_out_local_condorpool_1_26,None,transfer,0,1706683109.0,,,1706683115.0,,,0.0,1706683115.0,1706683120.0,,,0.0,1706683120.0,1706683125.0,6.0,,0.0,5.0,5.0,,,,,poseidon,local,poseidon-submit,pegasus::transfer,/mnt/poseidon-data/poseidon/pegasus-5.1.0panorama/bin/pegasus-transfer,/home/poseidon/pegasus-5.1.0panorama/bin/../bin/pegasus-kickstart  -n pegasus::transfer -N null -i - -R local  -L casa-nowcast-small -T 2024-01-31T00:08:22+00:00 /home/poseidon/pegasus-5.1.0panorama/bin/../bin/pegasus-transfer  --threads 2,1.2,0,0,,,,,,,,,
stage_out_local_condorpool_1_25,None,transfer,0,1706683109.0,,,1706683115.0,,,0.0,1706683115.0,1706683120.0,,,0.0,1706683120.0,1706683125.0,6.0,,0.0,5.0,5.0,,,,,poseidon,local,poseidon-submit,pegasus::transfer,/mnt/poseidon-data/poseidon/pegasus-5.1.0panorama/bin/pegasus-transfer,/home/poseidon/pegasus-5.1.0panorama/bin/../bin/pegasus-kickstart  -n pegasus::transfer -N null -i - -R local  -L casa-nowcast-small -T 2024-01-31T00:08:22+00:00 /home/poseidon/pegasus-5.1.0panorama/bin/../bin/pegasus-transfer  --threads 2,1.2,0,0,,,,,,,,,
stage_out_local_condorpool_1_24,None,transfer,0,1706683109.0,,,1706683115.0,,,0.0,1706683115.0,1706683120.0,,,0.0,1706683120.0,1706683125.0,6.0,,0.0,5.0,5.0,,,,,poseidon,local,poseidon-submit,pegasus::transfer,/mnt/poseidon-data/poseidon/pegasus-5.1.0panorama/bin/pegasus-transfer,/home/poseidon/pegasus-5.1.0panorama/bin/../bin/pegasus-kickstart  -n pegasus::transfer -N null -i - -R local  -L casa-nowcast-small -T 2024-01-31T00:08:22+00:00 /home/poseidon/pegasus-5.1.0panorama/bin/../bin/pegasus-transfer  --threads 2,1.2,0,0,,,,,,,,,
stage_out_local_condorpool_1_34,None,transfer,0,1706683109.0,,,1706683145.0,,,0.0,1706683145.0,1706683150.0,,,0.0,1706683150.0,1706683155.0,36.0,,0.0,5.0,5.0,,,,,poseidon,local,poseidon-submit,pegasus::transfer,/mnt/poseidon-data/poseidon/pegasus-5.1.0panorama/bin/pegasus-transfer,/home/poseidon/pegasus-5.1.0panorama/bin/../bin/pegasus-kickstart  -n pegasus::transfer -N null -i - -R local  -L casa-nowcast-small -T 2024-01-31T00:08:22+00:00 /home/poseidon/pegasus-5.1.0panorama/bin/../bin/pegasus-transfer  --threads 2,1.1,0,0,,,,,,,,,
stage_out_local_condorpool_1_18,None,transfer,0,1706683115.0,,,1706683125.0,,,0.0,1706683125.0,1706683130.0,,,0.0,1706683130.0,1706683135.0,10.0,,0.0,5.0,5.0,,,,,poseidon,local,poseidon-submit,pegasus::transfer,/mnt/poseidon-data/poseidon/pegasus-5.1.0panorama/bin/pegasus-transfer,/home/poseidon/pegasus-5.1.0panorama/bin/../bin/pegasus-kickstart  -n pegasus::transfer -N null -i - -R local  -L casa-nowcast-small -T 2024-01-31T00:08:22+00:00 /home/poseidon/pegasus-5.1.0panorama/bin/../bin/pegasus-transfer  --threads 2,1.2,0,0,,,,,,,,,
stage_out_local_condorpool_1_17,None,transfer,0,1706683115.0,,,1706683125.0,,,0.0,1706683125.0,1706683130.0,,,0.0,1706683130.0,1706683135.0,10.0,,0.0,5.0,5.0,,,,,poseidon,local,poseidon-submit,pegasus::transfer,/mnt/poseidon-data/poseidon/pegasus-5.1.0panorama/bin/pegasus-transfer,/home/poseidon/pegasus-5.1.0panorama/bin/../bin/pegasus-kickstart  -n pegasus::transfer -N null -i - -R local  -L casa-nowcast-small -T 2024-01-31T00:08:22+00:00 /home/poseidon/pegasus-5.1.0panorama/bin/../bin/pegasus-transfer  --threads 2,1.1,0,0,,,,,,,,,
stage_out_local_condorpool_1_16,None,transfer,0,1706683115.0,,,1706683125.0,,,0.0,1706683125.0,1706683130.0,,,0.0,1706683130.0,1706683135.0,10.0,,0.0,5.0,5.0,,,,,poseidon,local,poseidon-submit,pegasus::transfer,/mnt/poseidon-data/poseidon/pegasus-5.1.0panorama/bin/pegasus-transfer,/home/poseidon/pegasus-5.1.0panorama/bin/../bin/pegasus-kickstart  -n pegasus::transfer -N null -i - -R local  -L casa-nowcast-small -T 2024-01-31T00:08:22+00:00 /home/poseidon/pegasus-5.1.0panorama/bin/../bin/pegasus-transfer  --threads 2,1.2,0,0,,,,,,,,,
stage_out_local_condorpool_1_19,None,transfer,0,1706683115.0,,,1706683125.0,,,0.0,1706683125.0,1706683130.0,,,0.0,1706683130.0,1706683135.0,10.0,,0.0,5.0,5.0,,,,,poseidon,local,poseidon-submit,pegasus::transfer,/mnt/poseidon-data/poseidon/pegasus-5.1.0panorama/bin/pegasus-transfer,/home/poseidon/pegasus-5.1.0panorama/bin/../bin/pegasus-kickstart  -n pegasus::transfer -N null -i - -R local  -L casa-nowcast-small -T 2024-01-31T00:08:22+00:00 /home/poseidon/pegasus-5.1.0panorama/bin/../bin/pegasus-transfer  --threads 2,1.2,0,0,,,,,,,,,
stage_out_local_condorpool_1_14,None,transfer,0,1706683115.0,,,1706683125.0,,,0.0,1706683125.0,1706683130.0,,,0.0,1706683130.0,1706683135.0,10.0,,0.0,5.0,5.0,,,,,poseidon,local,poseidon-submit,pegasus::transfer,/mnt/poseidon-data/poseidon/pegasus-5.1.0panorama/bin/pegasus-transfer,/home/poseidon/pegasus-5.1.0panorama/bin/../bin/pegasus-kickstart  -n pegasus::transfer -N null -i - -R local  -L casa-nowcast-small -T 2024-01-31T00:08:22+00:00 /home/poseidon/pegasus-5.1.0panorama/bin/../bin/pegasus-transfer  --threads 2,1.1,0,0,,,,,,,,,
stage_out_local_condorpool_1_20,None,transfer,0,1706683115.0,,,1706683125.0,,,0.0,1706683125.0,1706683130.0,,,0.0,1706683130.0,1706683135.0,10.0,,0.0,5.0,5.0,,,,,poseidon,local,poseidon-submit,pegasus::transfer,/mnt/poseidon-data/poseidon/pegasus-5.1.0panorama/bin/pegasus-transfer,/home/poseidon/pegasus-5.1.0panorama/bin/../bin/pegasus-kickstart  -n pegasus::transfer -N null -i - -R local  -L casa-nowcast-small -T 2024-01-31T00:08:22+00:00 /home/poseidon/pegasus-5.1.0panorama/bin/../bin/pegasus-transfer  --threads 2,1.2,0,0,,,,,,,,,
stage_out_local_condorpool_1_8,None,transfer,0,1706683115.0,,,1706683135.0,,,0.0,1706683135.0,1706683140.0,,,0.0,1706683140.0,1706683145.0,20.0,,0.0,5.0,5.0,,,,,poseidon,local,poseidon-submit,pegasus::transfer,/mnt/poseidon-data/poseidon/pegasus-5.1.0panorama/bin/pegasus-transfer,/home/poseidon/pegasus-5.1.0panorama/bin/../bin/pegasus-kickstart  -n pegasus::transfer -N null -i - -R local  -L casa-nowcast-small -T 2024-01-31T00:08:22+00:00 /home/poseidon/pegasus-5.1.0panorama/bin/../bin/pegasus-transfer  --threads 2,1.2,0,0,,,,,,,,,
stage_out_local_condorpool_1_11,None,transfer,0,1706683115.0,,,1706683135.0,,,0.0,1706683135.0,1706683140.0,,,0.0,1706683140.0,1706683145.0,20.0,,0.0,5.0,5.0,,,,,poseidon,local,poseidon-submit,pegasus::transfer,/mnt/poseidon-data/poseidon/pegasus-5.1.0panorama/bin/pegasus-transfer,/home/poseidon/pegasus-5.1.0panorama/bin/../bin/pegasus-kickstart  -n pegasus::transfer -N null -i - -R local  -L casa-nowcast-small -T 2024-01-31T00:08:22+00:00 /home/poseidon/pegasus-5.1.0panorama/bin/../bin/pegasus-transfer  --threads 2,1.1,0,0,,,,,,,,,
stage_out_local_condorpool_1_22,None,transfer,0,1706683115.0,,,1706683135.0,,,0.0,1706683135.0,1706683140.0,,,0.0,1706683140.0,1706683145.0,20.0,,0.0,5.0,5.0,,,,,poseidon,local,poseidon-submit,pegasus::transfer,/mnt/poseidon-data/poseidon/pegasus-5.1.0panorama/bin/pegasus-transfer,/home/poseidon/pegasus-5.1.0panorama/bin/../bin/pegasus-kickstart  -n pegasus::transfer -N null -i - -R local  -L casa-nowcast-small -T 2024-01-31T00:08:22+00:00 /home/poseidon/pegasus-5.1.0panorama/bin/../bin/pegasus-transfer  --threads 2,1.2,0,0,,,,,,,,,
stage_out_local_condorpool_1_9,None,transfer,0,1706683115.0,,,1706683135.0,,,0.0,1706683135.0,1706683140.0,,,0.0,1706683140.0,1706683145.0,20.0,,0.0,5.0,5.0,,,,,poseidon,local,poseidon-submit,pegasus::transfer,/mnt/poseidon-data/poseidon/pegasus-5.1.0panorama/bin/pegasus-transfer,/home/poseidon/pegasus-5.1.0panorama/bin/../bin/pegasus-kickstart  -n pegasus::transfer -N null -i - -R local  -L casa-nowcast-small -T 2024-01-31T00:08:22+00:00 /home/poseidon/pegasus-5.1.0panorama/bin/../bin/pegasus-transfer  --threads 2,1.1,0,0,,,,,,,,,
stage_out_local_condorpool_1_23,None,transfer,0,1706683115.0,,,1706683125.0,,,0.0,1706683125.0,1706683130.0,,,0.0,1706683130.0,1706683135.0,10.0,,0.0,5.0,5.0,,,,,poseidon,local,poseidon-submit,pegasus::transfer,/mnt/poseidon-data/poseidon/pegasus-5.1.0panorama/bin/pegasus-transfer,/home/poseidon/pegasus-5.1.0panorama/bin/../bin/pegasus-kickstart  -n pegasus::transfer -N null -i - -R local  -L casa-nowcast-small -T 2024-01-31T00:08:22+00:00 /home/poseidon/pegasus-5.1.0panorama/bin/../bin/pegasus-transfer  --threads 2,1.2,0,0,,,,,,,,,
stage_out_local_condorpool_1_4,None,transfer,0,1706683115.0,,,1706683125.0,,,0.0,1706683125.0,1706683130.0,,,0.0,1706683130.0,1706683135.0,10.0,,0.0,5.0,5.0,,,,,poseidon,local,poseidon-submit,pegasus::transfer,/mnt/poseidon-data/poseidon/pegasus-5.1.0panorama/bin/pegasus-transfer,/home/poseidon/pegasus-5.1.0panorama/bin/../bin/pegasus-kickstart  -n pegasus::transfer -N null -i - -R local  -L casa-nowcast-small -T 2024-01-31T00:08:22+00:00 /home/poseidon/pegasus-5.1.0panorama/bin/../bin/pegasus-transfer  --threads 2,1.2,0,0,,,,,,,,,
stage_out_local_condorpool_1_30,None,transfer,0,1706683115.0,,,1706683125.0,,,0.0,1706683125.0,1706683130.0,,,0.0,1706683130.0,1706683135.0,10.0,,0.0,5.0,5.0,,,,,poseidon,local,poseidon-submit,pegasus::transfer,/mnt/poseidon-data/poseidon/pegasus-5.1.0panorama/bin/pegasus-transfer,/home/poseidon/pegasus-5.1.0panorama/bin/../bin/pegasus-kickstart  -n pegasus::transfer -N null -i - -R local  -L casa-nowcast-small -T 2024-01-31T00:08:22+00:00 /home/poseidon/pegasus-5.1.0panorama/bin/../bin/pegasus-transfer  --threads 2,1.1,0,0,,,,,,,,,
stage_out_local_condorpool_1_21,None,transfer,0,1706683115.0,,,1706683125.0,,,0.0,1706683125.0,1706683130.0,,,0.0,1706683130.0,1706683135.0,10.0,,0.0,5.0,5.0,,,,,poseidon,local,poseidon-submit,pegasus::transfer,/mnt/poseidon-data/poseidon/pegasus-5.1.0panorama/bin/pegasus-transfer,/home/poseidon/pegasus-5.1.0panorama/bin/../bin/pegasus-kickstart  -n pegasus::transfer -N null -i - -R local  -L casa-nowcast-small -T 2024-01-31T00:08:22+00:00 /home/poseidon/pegasus-5.1.0panorama/bin/../bin/pegasus-transfer  --threads 2,1.1,0,0,,,,,,,,,
cleanup_casa-nowcast-small_0_condorpool,None,auxiliary,0,1706683155.0,,,1706683160.0,,,0.0,1706683160.0,1706683165.0,,,0.0,1706683165.0,1706683170.0,5.0,,0.0,5.0,5.0,,,,,poseidon,local,poseidon-submit,pegasus::cleanup,/mnt/poseidon-data/poseidon/pegasus-5.1.0panorama/bin/pegasus-transfer,pegasus-kickstart  -n pegasus::cleanup -N null -i - -R local  -L casa-nowcast-small -T 2024-01-31T00:08:22+00:00 pegasus-transfer,0.2,0,0,,,,,,,,,
